79 108 1.943
110 112 2.136
39 41 2.11
71 104 2.408
3 6 1.534
84 86 1.688
77 80 2.455
30 61 2.788
27 88 1.755
75 108 2.61
12 55 1.853
69 74 2.78
92 105 2.733
79 83 2.269
63 77 2.383
35 43 2.45
44 48 1.775
12 52 2.749
30 59 2.293
16 20 1.99
46 93 2.213
23 28 2.213
62 64 2.727
71 75 1.925
38 43 1.869
94 106 2.009
15 56 2.387
5 9 2.24
52 53 1.32
11 15 2.041
61 87 2.37
36 37 1.306
38 64 2.552
38 67 2.667
65 77 2.245
43 64 2.301
70 73 1.714
52 56 2.403
59 87 3.789
27 28 1.307
50 62 1.963
2 7 3.721
68 73 4.068
32 81 2.697
19 58 2.239
47 51 2.031
90 109 2.401
47 48 1.311
7 10 2.452
65 69 2.087
6 10 2.162
66 68 2.156
59 61 3.357
71 101 1.923
35 64 2.62
34 81 2.919
59 86 3.657
72 76 2.007
43 47 1.991
3 5 2.572
40 41 1.319
76 80 2.096
32 87 2.006
46 49 2.323
99 100 1.323
49 93 2.45
22 26 1.987
90 91 1.313
61 84 1.928
32 63 2.519
17 20 2.456
44 47 2.449
20 24 1.33
50 54 2.01
17 21 2.075
28 59 2.45
49 94 5.559
54 59 3.033
31 115 2.347
84 85 1.324
33 60 3.004
33 50 2.508
101 104 2.189
13 17 2.059
40 44 2.184
61 63 2.041
68 69 1.317
63 80 2.56
71 100 2.185
85 86 1.308
81 90 2.379
80 84 2.501
94 96 2.139
75 100 5.265
21 24 2.501
63 65 2.302
102 103 1.319
46 91 3.879
50 64 2.729
30 87 2.919
42 49 5.648
68 70 3.142
8 12 2.012
33 48 5.034
9 12 2.115
53 58 2.168
69 100 2.359
26 27 1.31
33 35 2.529
73 76 2.602
98 99 1.318
21 25 2.2
63 81 2.427
75 79 2.028
42 93 2.757
9 13 1.96
22 27 1.806
82 110 1.973
53 56 2.369
60 62 3.107
22 23 1.309
67 68 1.323
74 100 2.403
92 109 2.229
66 69 1.765
33 91 2.427
13 16 2.711
78 82 1.836
29 88 2.253
24 25 1.316
42 46 2.072
13 55 4.6
19 26 2.89
48 51 1.88
33 62 2.41
91 93 2.872
83 108 6.957
96 105 2.845
56 58 2.373
103 107 2.012
67 98 3.492
75 105 2.339
69 77 5.097
32 61 2.136
49 92 5.793
10 13 1.935
15 18 2.551
94 102 2.472
75 104 2.391
35 62 2.725
49 116 3.437
28 88 2.898
30 86 2.626
97 99 2.814
12 56 2.611
74 105 2.173
18 21 2.69
13 98 35.66
52 55 2.249
18 22 2.078
17 18 1.32
11 18 5.207
14 17 2.645
13 14 1.317
33 44 7.604
36 74 2.455
83 110 3.632
33 49 2.592
78 92 2.601
29 35 16.27
81 87 2.087
51 55 1.826
20 23 2.631
42 94 3.084
41 42 1.303
76 79 2.45
36 97 2.271
30 32 2.852
89 115 2.425
87 91 6.268
32 53 6.356
16 55 2.705
25 85 10.45
65 66 1.327
53 60 2.611
23 27 2.953
35 46 1.941
4 8 1.829
100 105 2.589
33 41 8.712
113 114 1.321
6 56 10.67
7 15 8.185
35 42 2.161
15 19 1.916
114 116 2.742
33 106 8.819
3 56 13.55
14 18 2.076
25 27 3.038
25 26 1.328
1 3 2.683
34 78 2.985
34 77 2.647
51 54 2.483
46 94 4.784
104 105 1.298
37 97 3.771
50 60 1.735
77 78 1.323
23 26 2.398
103 106 2.848
92 93 1.303
45 95 6.489
95 114 13.72
20 21 1.313
39 40 1.32
46 62 2.662
61 86 2.14
96 103 5.413
44 102 14.16
2 28 30.75
6 8 3.07
45 114 8.707
82 113 2.413
75 82 5.961
13 54 9.62
10 14 2.075
71 72 1.314
34 63 2.434
110 111 1.318
46 60 4.56
2 4 2.382
65 100 6.416
60 94 9.952
106 109 2.481
6 9 2.562
111 112 1.313
93 94 1.289
49 91 2.703
102 104 3.01
79 80 1.317
48 52 2.042
44 49 3.998
37 42 3.033
20 72 36.37
67 97 2.304
37 65 1.892
45 89 8.823
61 62 1.286
95 113 16.68
20 59 8.871
92 96 2.654
56 57 1.326
17 28 9.195
73 77 2.116
66 111 24.63
41 44 2.098
78 110 4.33
89 95 16.76
30 33 6.324
11 14 2.555
28 63 11.69
113 116 4.8
106 110 5.28
80 83 2.41
84 113 2.391
14 72 37.83
68 98 2.908
40 43 2.415
43 62 3.955
72 79 6.249
45 113 9.558
62 107 17.44
5 48 6.909
26 88 6.603
42 82 21.47
30 60 3.829
60 91 3.647
17 24 2.974
37 66 3.213
102 106 2.022
19 22 2.496
1 100 38.64
57 89 11.44
2 62 29.07
54 72 28.48
87 113 1.942
13 85 24.71
8 95 23.64
63 87 3.774
12 48 5.34
89 114 4.348
57 114 16.76
10 21 11.73
33 115 5.908
42 116 10.2
23 24 1.327
16 17 1.31
95 96 1.306
23 86 9.907
24 103 34.59
33 116 7.504
98 102 2.97
12 51 5.039
9 17 7.619
9 55 3.592
40 91 12.07
60 93 2.583
72 73 1.312
15 16 1.319
35 39 3.21
35 94 4.837
89 113 2.453
78 105 2.745
91 116 2.334
33 46 2.157
114 115 1.299
32 116 7.187
8 29 13.94
7 12 4.353
52 115 8.934
17 73 36.26
1 22 33.28
53 62 7.337
77 81 2.0
13 72 38.07
26 101 35.98
91 102 5.584
17 76 33.7
19 23 2.062
62 115 11.37
31 114 7.144
50 106 12.88
72 85 21.47
92 106 2.297
4 93 14.6
21 83 23.4
74 78 2.127
30 58 3.432
68 99 3.486
52 91 7.027
21 66 36.29
22 28 3.402
9 98 31.21
69 96 6.028
31 113 5.527
1 26 37.14
104 108 2.478
108 111 5.225
46 102 10.94
37 116 10.27
81 88 6.02
95 116 9.315
100 104 2.937
72 103 10.87
74 99 6.558
96 102 2.267
49 115 6.429
56 111 22.43
2 56 22.26
4 114 22.78
15 94 24.44
6 107 31.99
36 42 5.106
24 68 40.04
36 69 2.641
91 115 2.297
49 60 3.205
107 111 3.978
23 79 24.61
48 106 12.83
41 88 24.01
96 100 2.393
38 61 11.24
58 59 1.307
73 85 16.43
72 98 7.975
8 53 7.468
24 99 42.05
8 55 5.704
7 11 2.023
84 102 21.29
22 25 2.23
42 45 2.336
32 78 6.624
24 28 5.718
4 91 20.01
37 91 9.622
98 103 6.014
3 4 1.311
29 114 11.4
11 27 11.9
69 73 2.404
60 106 14.66
20 79 28.15
28 29 1.307
38 83 24.92
93 116 5.33
54 83 21.54
18 23 4.518
63 69 7.01
20 76 31.37
17 25 4.991
35 91 5.306
57 111 22.44
4 116 13.53
23 76 27.94
4 49 11.73
19 29 2.486
50 51 1.293
49 74 13.55
4 66 30.61
5 67 31.02
59 84 4.816
70 72 2.348
15 58 2.604
60 74 11.13
14 16 3.117
65 67 1.327
57 95 26.58
45 116 4.375
53 54 1.32
38 66 5.062
32 34 3.747
92 100 6.041
101 107 5.848
48 93 6.387
87 90 2.698
4 97 27.45
31 95 15.08
70 71 1.293
1 24 33.9
76 101 9.577
50 58 2.83
13 107 30.51
41 49 7.481
1 5 6.37
15 53 5.958
1 23 35.3
62 91 6.703
52 93 9.025
24 54 13.51
89 116 6.072
41 47 6.246
96 106 4.037
106 107 1.318
43 44 1.317
34 105 5.567
24 86 12.34
55 92 17.18
4 37 23.84
82 95 20.26
76 98 12.68
64 107 17.72
33 47 4.059
29 113 8.886
45 82 21.18
44 94 7.813
13 18 4.427
46 52 6.007
12 16 1.921
2 107 32.4
4 95 21.7
11 47 15.51
39 50 7.893
39 81 21.7
21 80 26.31
73 74 1.318
80 81 1.315
89 90 1.318
60 116 8.303
67 69 2.552
101 105 2.34
30 44 16.43
31 89 2.455
91 97 11.55
14 112 20.91
39 96 4.504
85 99 29.71
87 115 6.798
31 87 3.508
30 55 10.41
66 73 5.437
96 113 13.7
4 45 8.765
70 100 2.972
62 105 13.07
59 63 8.018
90 95 12.81
78 108 2.476
54 55 1.311
67 83 21.36
34 37 5.892
14 26 10.8
73 80 4.857
21 68 40.22
13 83 29.09
76 77 1.321
20 85 15.25
86 105 20.32
1 17 26.47
29 87 5.502
26 64 26.56
25 77 27.28
25 67 37.9
105 106 1.311
6 27 24.77
35 49 6.329
85 88 3.236
74 97 4.101
31 54 5.674
39 94 4.281
13 20 5.388
85 110 7.161
36 85 22.0
24 73 34.38
17 98 36.87
34 96 4.669
44 106 14.53
70 101 6.22
93 115 8.077
37 41 6.222
78 115 9.54
82 105 6.504
39 42 1.787
24 76 31.03
46 97 11.03
29 31 3.583
43 46 2.522
23 98 37.04
5 19 16.17
82 109 2.62
70 76 6.023
45 57 14.63
54 58 2.855
90 115 2.979
45 91 1.955
5 52 5.237
9 14 4.37
6 13 5.726
31 109 8.049
30 88 1.927
7 14 5.033
32 62 4.421
9 86 25.39
82 94 12.07
26 28 3.055
5 96 25.92
38 65 3.686
82 114 6.575
50 87 8.859
61 64 6.367
95 109 11.47
59 76 20.88
102 110 10.53
18 104 31.85
1 4 4.727
75 92 6.803
26 57 6.151
34 74 2.323
18 70 37.3
34 92 2.34
93 106 5.239
66 79 13.85
39 44 4.331
7 87 26.07
62 63 1.305
15 103 27.95
70 99 4.269
74 102 5.481
49 106 9.577
74 85 15.29
89 91 3.972
36 65 2.293
34 83 9.271
22 64 26.72
21 55 10.62
4 5 1.308
3 9 6.035
65 111 21.32
48 49 1.32
5 110 29.12
5 39 22.1
20 86 13.73
72 101 4.241
53 93 7.39
14 40 29.76
33 40 10.53
23 54 6.832
34 42 6.519
68 72 7.916
35 88 14.51
14 80 30.01
58 60 3.108
61 103 21.44
67 76 7.964
29 55 9.17
21 76 31.9
41 48 6.491
70 85 24.64
40 90 16.51
47 50 2.379
18 67 35.61
12 15 2.711
1 50 26.82
80 86 7.278
66 72 6.574
94 105 4.451
35 93 2.081
21 86 13.45
27 50 11.93
31 82 10.04
69 70 1.314
79 110 3.881
34 57 16.26
38 98 7.694
68 83 23.37
57 116 16.53
33 94 7.34
2 110 32.98
37 93 3.105
19 40 29.57
2 55 22.28
8 88 20.6
35 52 11.69
37 45 8.479
3 46 16.67
104 107 2.508
74 75 1.325
113 115 2.318
9 79 32.55
85 104 22.21
24 83 22.32
34 90 3.186
29 95 25.06
70 78 7.975
3 42 17.89
19 21 2.947
2 105 33.34
42 91 7.133
43 65 6.413
43 60 8.125
36 101 8.853
82 111 5.757
17 55 6.917
81 100 12.02
82 93 12.54
31 116 6.031
79 104 7.22
50 53 2.362
7 13 5.87
19 56 2.692
53 106 16.35
2 12 11.94
16 23 4.851
84 114 10.6
3 44 14.02
86 88 3.264
23 56 4.028
21 72 37.05
32 60 4.395
109 113 3.047
12 18 6.102
15 44 21.43
10 26 16.66
66 103 15.01
23 104 32.98
35 41 5.83
23 25 2.681
10 85 28.06
83 85 2.744
12 91 11.85
48 55 4.704
17 85 21.53
42 69 11.5
57 113 15.13
70 86 24.68
72 112 21.27
70 75 4.449
1 107 35.82
15 17 2.936
41 45 2.163
99 105 6.51
11 49 11.12
62 88 10.62
108 110 3.218
27 35 23.95
83 104 13.2
39 110 24.94
5 97 29.09
8 113 21.34
16 18 3.069
11 58 7.424
45 96 9.065
14 76 34.13
31 33 2.786
31 41 13.0
24 26 3.088
35 44 5.063
42 109 13.39
37 82 20.63
7 58 13.1
49 52 2.436
54 86 11.35
79 98 17.24
19 60 9.282
71 106 6.038
10 20 10.21
38 47 8.105
5 50 13.06
27 67 31.78
36 96 2.435
16 103 30.86
22 107 27.4
45 90 6.236
37 60 10.57
51 58 6.613
94 109 6.614
56 91 10.62
67 99 2.709
78 113 5.943
81 115 9.012
18 26 4.76
76 78 3.077
31 45 6.133
40 46 5.808
7 53 13.28
115 116 1.311
28 102 27.75
18 97 34.91
9 11 3.11
80 98 21.26
9 16 4.88
107 108 1.318
15 50 10.41
57 73 28.72
2 95 26.95
1 63 35.72
9 10 1.303
32 59 5.09
90 113 1.955
41 94 5.088
18 24 3.3
13 24 5.596
102 109 6.118
42 114 15.41
10 24 9.016
13 21 8.115
59 85 6.042
47 86 15.53
5 23 25.26
83 112 6.692
109 114 2.775
36 100 3.362
5 44 9.372
11 72 35.97
80 85 5.874
82 92 8.191
2 90 28.62
54 61 5.586
28 50 8.453
64 65 1.283
24 38 36.31
2 49 17.36
54 66 22.7
46 48 2.842
17 79 30.46
35 60 6.677
34 116 7.405
23 59 5.574
37 100 6.832
97 113 21.63
67 89 22.03
12 53 5.4
23 60 7.86
94 116 4.52
4 31 21.59
42 92 6.521
16 21 4.348
52 92 13.2
78 79 1.308
78 93 7.048
10 98 32.7
8 115 13.04
49 109 10.8
20 83 23.67
6 43 21.76
19 75 28.77
9 104 33.02
51 98 25.65
25 55 13.76
78 95 11.14
10 72 38.5
96 114 11.14
36 91 7.52
14 25 8.783
31 58 3.369
3 81 33.73
53 84 13.25
60 97 22.01
29 116 12.27
19 36 27.91
13 73 36.15
8 114 18.01
101 103 2.346
18 25 2.565
93 109 6.752
28 104 28.79
41 115 14.61
29 45 14.76
3 48 9.179
33 88 8.85
33 39 10.37
102 105 2.608
19 35 24.3
2 114 27.01
91 95 9.388
32 115 5.769
17 59 12.03
2 3 1.308
5 36 25.47
32 111 11.84
6 40 23.72
88 91 7.416
24 80 25.21
75 115 14.44
51 73 25.38
14 51 12.61
12 14 3.027
58 94 21.2
6 98 30.65
3 7 2.12
18 80 26.2
36 53 15.79
87 114 7.631
46 116 7.119
100 108 8.981
25 98 39.91
52 88 11.96
6 72 37.6
78 114 7.835
7 49 14.13
64 100 10.18
28 86 3.88
38 77 11.07
98 110 20.76
80 112 9.413
2 92 26.97
36 94 4.921
42 74 10.51
74 96 2.579
37 71 4.399
55 111 24.56
54 112 20.36
10 56 7.369
45 58 11.6
18 100 35.81
14 102 30.94
67 102 9.721
60 88 7.305
40 103 21.25
9 51 8.518
40 62 9.276
14 79 30.93
59 83 10.02
21 26 4.937
50 66 9.923
19 20 1.317
21 111 23.55
77 79 3.044
37 69 4.91
49 81 11.33
28 79 20.23
31 90 3.478
101 110 13.03
57 92 18.03
46 74 11.25
25 83 20.32
18 28 6.593
17 34 25.64
80 101 14.7
26 80 20.65
17 63 26.29
14 78 29.01
1 58 29.17
1 9 11.34
25 50 20.95
14 21 6.298
16 28 7.212
42 113 16.17
10 104 33.67
24 79 27.57
106 116 4.954
6 14 7.036
47 79 17.03
46 99 20.41
9 25 16.5
18 43 27.3
100 102 2.565
18 27 4.023
1 30 32.72
25 112 14.5
90 114 3.515
38 110 23.34
13 25 10.92
47 83 21.3
23 64 25.86
51 71 24.22
30 43 15.47
37 49 11.08
51 96 20.94
39 67 4.569
11 17 6.033
44 50 5.764
45 109 7.926
46 109 10.52
72 83 11.3
52 58 4.968
4 115 16.19
69 71 3.593
28 58 2.629
26 103 32.84
17 68 39.0
82 102 11.39
102 107 4.108
25 38 36.69
31 53 2.174
24 98 40.56
64 66 3.505
11 81 26.1
22 33 20.17
32 90 2.522
4 113 24.8
72 77 4.414
78 96 6.292
21 98 38.52
101 106 4.534
48 96 12.57
82 108 2.033
48 71 21.6
50 65 6.62
81 92 5.313
77 85 10.47
14 27 8.937
42 95 2.635
86 103 24.01
57 68 30.93
21 88 10.76
22 98 35.9
82 84 2.856
30 75 15.52
52 94 14.95
97 116 12.84
101 112 20.43
14 22 8.109
59 72 25.48
10 47 16.66
23 103 33.39
2 79 38.46
7 91 21.56
10 29 13.26
33 93 2.855
15 89 10.87
1 101 37.51
69 104 9.241
2 51 21.37
87 95 21.81
19 28 3.021
76 86 13.17
73 82 9.971
4 96 24.58
97 105 3.829
2 64 32.12
95 115 14.52
43 87 17.08
16 67 33.17
26 39 34.41
6 17 11.08
24 51 21.05
98 104 8.383
3 58 23.44
12 35 22.22
5 20 21.86
33 105 10.01
24 32 20.58
3 97 30.17
10 73 37.66
61 80 4.547
7 111 26.28
29 89 6.062
35 102 9.625
63 98 15.1
7 21 20.94
4 29 23.59
64 103 17.62
76 110 9.913
48 103 20.18
31 56 6.991
76 112 13.66
37 113 21.52
89 105 11.27
25 79 25.99
11 55 7.051
56 63 16.1
9 15 6.188
15 63 23.06
20 25 2.833
9 21 14.04
88 89 1.318
45 46 1.318
7 94 23.45
85 103 23.03
41 58 21.62
14 73 36.39
34 53 10.17
2 6 4.286
1 111 34.42
17 75 33.55
6 86 29.84
21 75 32.6
75 97 6.132
108 112 8.057
45 51 5.926
13 23 10.1
42 60 8.262
76 83 4.304
38 41 5.513
44 63 9.053
45 97 12.13
19 27 3.229
35 106 8.878
36 77 5.305
5 8 2.82
77 84 6.641
31 39 15.97
31 57 7.917
105 116 8.897
45 93 2.76
14 99 35.97
32 89 1.984
41 93 3.66
5 54 13.57
34 46 4.737
39 98 6.074
4 90 22.69
26 83 13.75
109 116 5.823
17 70 39.23
1 14 21.4
46 89 10.37
22 38 33.48
46 92 5.505
29 84 9.166
11 87 20.85
58 81 11.87
47 90 8.281
40 99 14.1
91 94 5.863
16 66 31.13
8 42 16.31
25 64 29.68
20 22 3.14
62 80 5.699
33 92 4.532
72 86 22.49
45 78 10.09
3 8 4.391
8 45 9.293
36 66 2.688
54 62 5.28
45 53 7.875
10 83 31.8
32 96 10.72
22 108 26.76
2 45 14.3
6 63 28.52
58 102 24.81
34 43 6.392
4 46 13.47
82 116 10.72
26 62 20.02
10 11 1.317
40 66 9.8
6 21 22.53
14 33 21.21
6 11 4.584
23 66 32.34
15 40 27.46
47 98 16.47
59 62 6.663
66 67 1.311
75 112 13.58
38 40 2.921
11 20 9.866
18 20 3.104
7 22 22.38
84 89 6.994
16 22 6.085
13 38 30.49
32 57 11.27
8 48 6.053
98 112 24.43
25 51 21.22
87 112 6.462
99 104 4.881
76 104 8.049
71 105 3.238
31 49 2.723
37 40 5.27
22 112 10.58
78 91 5.847
40 61 14.12
4 57 20.45
13 70 37.93
27 61 6.64
106 115 7.659
68 111 25.83
36 93 2.619
93 113 10.57
25 73 33.58
41 102 11.86
47 101 15.56
40 88 24.84
27 39 31.35
4 56 10.76
10 79 33.86
29 34 13.33
99 101 2.675
8 52 3.116
6 83 35.66
28 100 31.43
3 19 24.11
30 99 28.42
2 113 29.39
8 94 21.3
103 111 10.22
36 41 8.76
11 73 35.01
56 87 12.1
10 109 28.82
26 38 33.17
34 114 9.639
91 113 5.146
38 39 1.324
12 47 9.565
55 85 21.18
39 46 6.562
62 71 13.99
25 53 13.99
54 101 29.14
61 107 16.82
89 96 13.68
3 72 36.13
39 57 25.96
88 112 3.565
67 73 2.966
68 110 23.71
36 71 3.501
36 82 13.55
16 101 34.25
15 62 16.72
74 95 7.39
36 116 10.85
37 39 2.875
85 112 7.416
9 101 33.69
26 76 26.69
10 40 27.38
97 109 12.13
44 115 14.01
75 77 2.996
71 73 2.978
14 44 23.63
46 115 8.796
24 104 36.08
97 101 3.226
64 76 10.66
3 74 32.7
34 97 7.431
15 45 12.06
33 90 4.316
2 32 29.34
10 23 15.9
4 42 14.65
14 75 33.25
27 101 32.64
25 70 37.95
34 82 6.71
46 53 6.272
11 103 28.17
47 54 3.539
92 95 5.924
7 86 28.19
99 107 10.19
8 56 5.719
14 110 25.6
17 72 38.25
28 64 21.04
5 18 15.17
21 22 1.322
71 74 2.573
46 106 9.012
8 49 7.405
9 99 33.32
12 94 22.44
2 5 5.025
22 52 12.93
38 62 6.891
17 108 30.79
96 97 1.33
91 114 4.929
92 114 6.501
34 95 7.207
23 107 29.21
17 51 12.59
93 114 9.647
97 114 15.68
6 80 35.77
36 45 8.093
64 112 21.69
74 109 7.165
7 52 8.071
32 48 9.022
54 85 15.51
43 88 20.05
26 72 32.36
12 50 8.192
36 70 5.86
22 57 6.637
14 111 23.56
52 54 2.961
2 115 23.95
46 82 16.03
6 20 20.71
54 69 25.86
74 93 6.036
8 41 15.93
32 74 8.391
62 87 7.201
29 66 25.74
74 88 14.67
69 99 2.585
6 76 37.29
78 90 2.752
6 38 28.89
6 7 1.315
66 70 5.976
74 77 2.606
95 97 3.751
21 67 37.91
15 36 27.36
51 95 17.25
73 75 3.1
19 64 25.01
13 67 34.64
6 70 39.62
52 90 12.04
33 51 6.726
13 26 12.38
29 57 3.694
48 102 14.41
51 86 14.78
69 97 3.607
49 102 9.058
23 72 33.27
61 115 9.578
103 104 1.318
83 84 1.306
2 106 30.22
64 78 10.13
16 57 3.62
49 82 15.64
4 52 7.229
15 111 20.66
65 97 6.116
16 72 35.39
22 79 24.55
31 40 15.42
3 11 8.101
48 53 4.375
30 62 6.719
41 91 9.142
60 61 1.315
14 104 33.09
9 76 34.75
37 114 15.2
35 103 13.44
10 25 14.74
35 37 2.056
104 106 3.225
43 48 3.788
34 113 8.787
18 69 36.25
29 109 13.6
22 67 35.21
67 85 24.9
27 103 29.09
40 83 28.49
49 105 12.75
16 80 26.79
43 61 9.679
17 103 33.06
21 70 38.96
3 17 21.25
24 77 28.16
17 66 34.88
68 76 11.06
71 99 3.673
36 49 10.54
84 95 23.6
64 98 13.02
61 90 6.311
46 95 7.448
9 28 16.17
3 49 14.61
34 35 1.306
6 85 32.58
29 107 21.26
74 94 6.142
1 54 27.58
44 107 21.81
5 84 31.88
30 90 5.332
3 109 30.86
74 116 10.07
32 82 7.257
4 6 3.057
7 63 27.98
8 90 20.16
31 44 10.34
6 25 24.27
5 47 11.35
45 84 22.6
88 108 10.92
57 80 22.46
58 95 23.97
10 18 6.91
86 107 17.73
15 55 6.693
22 54 12.02
56 59 6.224
13 47 15.29
38 58 23.28
90 97 13.28
31 105 12.94
93 102 4.412
62 101 20.13
47 60 6.455
78 87 7.022
79 105 7.056
36 89 13.56
4 89 22.86
50 69 21.43
38 85 26.7
9 84 29.27
66 110 21.7
25 72 35.4
14 57 8.831
29 96 24.97
103 108 4.202
1 57 28.76
71 78 6.483
17 83 26.65
47 103 15.17
37 38 1.319
33 109 7.539
25 59 9.992
72 90 11.71
28 54 6.067
42 89 14.57
24 59 10.87
107 112 6.74
51 108 24.92
27 33 12.42
38 42 2.047
43 50 3.495
45 115 6.728
21 110 24.25
42 58 15.32
16 58 5.052
94 107 6.875
71 97 3.586
63 64 1.306
70 93 11.79
18 101 34.62
39 47 7.197
22 104 32.0
17 67 36.9
62 77 6.53
44 77 15.04
98 101 4.981
25 80 23.85
56 116 13.25
53 74 21.72
80 107 11.42
57 82 20.87
16 25 6.802
37 94 3.998
10 17 5.565
10 110 28.45
9 67 32.66
10 75 34.83
3 93 22.09
33 64 4.864
27 104 29.51
34 50 4.495
10 44 21.13
20 110 24.61
35 36 1.31
102 116 2.562
47 106 9.565
65 103 13.56
84 98 26.67
48 107 20.22
87 103 20.54
6 90 25.46
53 100 25.92
91 96 7.41
67 111 24.11
22 40 33.43
8 9 1.322
79 112 8.683
8 101 30.59
7 35 25.48
69 90 11.7
12 39 26.29
34 51 11.59
13 102 31.65
42 81 13.83
19 49 10.3
37 48 10.73
33 63 1.757
76 108 4.546
9 102 30.03
71 94 8.55
27 53 9.836
14 54 11.39
7 90 23.53
58 61 6.605
66 89 21.14
43 101 15.91
29 48 12.87
53 95 20.19
1 62 33.8
26 79 23.09
1 8 9.73
6 68 38.07
53 82 15.78
4 7 2.613
8 70 35.17
19 104 30.92
20 40 31.58
17 86 16.38
24 27 5.116
42 101 12.55
36 73 7.165
40 98 9.824
43 112 22.81
10 51 11.68
60 112 13.77
48 56 7.377
31 91 2.427
81 93 8.897
12 34 20.9
58 104 27.09
4 99 27.57
99 102 3.137
32 106 9.215
4 11 6.607
57 85 12.32
19 30 6.239
10 86 25.67
41 53 14.47
15 112 13.67
81 116 10.94
2 37 29.33
5 6 1.312
22 50 15.17
63 84 3.402
35 48 5.475
96 116 9.017
14 103 30.7
93 97 6.197
107 109 2.93
96 98 3.343
41 99 15.39
55 93 13.4
4 34 22.7
68 79 15.35
35 100 7.624
32 103 15.1
99 108 11.54
81 109 5.562
5 70 36.45
13 22 10.09
20 54 6.665
11 76 33.25
83 86 5.471
45 49 1.928
42 78 12.83
11 100 33.33
16 44 21.98
8 15 5.718
57 110 22.71
30 112 8.343
28 110 14.5
94 95 1.316
21 28 7.175
1 113 33.06
89 94 12.53
42 53 12.44
86 102 23.81
93 95 2.474
34 89 6.524
24 85 13.44
88 115 3.421
3 116 21.21
57 87 10.69
70 83 20.1
83 98 25.63
48 94 8.676
50 88 10.3
27 112 8.292
33 43 6.081
58 67 25.76
37 89 16.12
68 112 27.45
8 64 25.76
108 109 1.319
9 62 22.22
9 112 24.68
70 104 7.408
30 53 5.843
47 69 15.54
55 56 1.313
50 55 4.331
27 86 2.706
83 99 25.27
23 51 11.38
39 51 12.51
8 11 2.678
81 106 8.983
2 93 25.07
15 116 12.17
82 89 7.342
19 98 33.45
16 34 22.02
41 90 15.08
45 101 20.02
58 88 6.184
11 67 33.59
37 95 3.104
59 103 25.23
89 92 7.454
12 80 27.92
50 107 21.3
1 79 41.88
75 107 5.831
78 100 7.736
59 100 27.15
21 112 20.05
32 88 4.993
92 94 2.664
51 53 2.971
5 71 30.98
55 58 4.678
14 66 34.28
54 80 21.32
24 110 25.37
15 28 7.811
72 84 14.52
20 28 5.969
43 55 12.3
9 64 25.99
73 83 11.37
63 73 5.624
28 72 28.71
1 52 22.84
2 57 25.97
21 103 34.57
20 96 33.18
28 70 30.56
79 107 6.632
28 30 3.01
44 103 20.5
19 96 29.87
42 96 4.812
9 83 31.48
42 106 10.41
42 52 11.23
78 97 8.658
44 93 5.712
18 47 22.32
65 71 4.567
65 99 8.521
9 75 33.43
16 56 2.197
31 70 22.01
35 55 16.97
67 86 24.54
24 88 10.62
16 112 20.34
65 92 6.446
1 56 25.02
5 101 31.43
25 28 5.939
59 101 27.13
59 68 24.95
3 60 24.26
44 46 2.8
107 110 5.09
18 111 21.27
68 80 13.89
106 112 8.332
18 72 35.79
20 102 33.64
3 15 13.91
78 109 2.72
13 104 34.34
111 116 7.062
38 69 7.973
20 87 15.48
29 101 27.47
72 80 6.971
9 20 9.237
26 112 13.66
49 96 10.66
2 89 28.08
19 37 29.84
92 113 7.597
76 107 10.25
65 98 9.887
2 48 11.48
27 54 10.44
2 10 8.408
5 26 26.62
2 88 30.31
87 88 1.317
3 113 28.45
7 50 16.03
12 87 17.06
26 99 39.86
24 67 37.99
48 61 8.71
31 34 6.844
14 86 21.04
16 73 33.27
7 25 22.46
94 113 11.7
27 40 30.26
18 86 13.32
28 43 23.49
5 37 24.7
41 74 14.96
55 90 15.29
98 100 2.663
20 67 36.0
5 103 28.33
105 113 9.618
69 107 13.86
1 81 39.32
74 114 11.73
1 109 35.59
8 106 24.59
26 116 23.16
37 57 26.37
49 95 8.241
6 67 34.49
59 79 13.74
14 32 20.47
40 45 3.772
16 70 35.74
10 55 7.146
16 68 35.59
16 76 31.06
62 66 9.548
2 60 27.64
19 55 6.525
10 12 3.163
101 109 9.23
26 106 27.88
18 37 32.04
8 17 9.872
32 113 6.209
25 109 24.85
54 107 25.67
88 111 6.61
42 48 6.045
37 74 7.261
9 107 29.81
55 99 33.28
14 56 5.839
41 76 24.01
36 47 8.82
23 65 28.56
40 79 25.42
25 103 32.56
32 104 14.54
16 87 15.61
33 52 7.53
71 92 8.49
37 96 4.572
66 83 21.28
51 113 15.67
44 62 6.774
82 115 8.855
90 106 5.583
5 89 22.5
51 67 22.55
30 93 11.51
49 114 9.556
26 36 30.88
28 67 29.59
7 31 21.16
6 108 33.42
40 111 27.06
90 103 10.72
22 61 11.23
2 15 20.05
74 112 15.36
8 69 33.13
11 12 1.3
59 108 21.72
50 111 17.34
61 69 12.93
48 112 20.46
3 52 11.22
47 108 16.03
29 30 1.321
44 71 14.86
46 113 12.35
1 45 22.52
66 100 5.812
54 104 28.58
61 77 5.332
62 97 12.93
66 98 6.849
52 110 21.94
70 109 12.7
24 84 16.81
39 60 14.72
40 67 7.701
38 48 10.41
58 64 14.23
89 102 10.74
53 81 11.93
53 114 11.43
48 50 2.9
9 106 27.6
38 93 2.729
22 53 10.92
1 88 33.87
38 68 6.164
2 39 25.99
27 105 26.72
10 61 23.41
15 32 12.97
71 84 16.1
32 80 5.839
32 112 9.843
47 105 12.25
57 74 26.13
105 114 7.48
5 33 20.45
42 90 12.65
2 8 7.515
54 111 22.34
17 112 21.5
37 115 14.84
38 86 25.1
98 107 12.82
78 106 4.878
2 24 30.89
15 87 13.25
19 97 33.27
12 68 33.91
63 101 14.45
8 85 27.46
77 86 9.609
45 100 13.81
78 112 9.297
13 19 6.017
76 85 11.82
46 114 11.44
40 81 23.17
88 113 2.367
26 65 29.4
34 54 11.52
90 107 7.612
23 83 18.29
9 19 11.35
4 82 30.67
21 73 35.15
15 72 34.38
103 115 11.53
25 68 39.07
16 83 25.21
10 59 16.74
34 45 4.876
6 54 15.73
43 93 3.088
17 80 28.84
47 64 7.098
63 116 11.71
25 110 22.69
6 62 25.23
30 115 5.824
31 97 21.44
62 108 15.74
73 103 12.62
22 111 20.57
13 52 8.035
4 81 30.2
88 95 21.88
27 83 8.502
93 96 2.562
7 95 25.48
64 67 4.261
11 83 28.18
43 59 13.54
23 34 23.32
25 69 37.27
17 43 27.1
41 46 4.584
52 109 21.02
21 79 28.24
63 111 14.58
28 80 13.11
39 48 9.322
16 78 26.28
31 36 13.28
36 58 21.52
91 105 7.322
9 68 35.78
23 106 28.15
29 46 13.01
54 64 9.744
27 52 12.37
31 37 15.09
36 105 5.342
49 97 13.73
44 99 21.08
12 77 27.93
39 52 15.98
74 81 6.181
47 116 7.108
56 67 28.73
23 80 22.34
54 81 13.54
72 102 9.241
82 91 8.132
28 83 12.38
9 38 27.64
31 92 7.153
13 61 20.83
101 102 1.323
39 69 11.33
21 54 12.13
32 92 5.125
82 99 22.57
49 57 8.391
61 112 12.05
8 98 27.79
26 107 28.21
6 84 33.44
40 94 7.302
10 78 31.33
64 108 15.63
89 109 5.782
82 87 5.241
50 92 8.453
20 61 15.48
86 111 13.65
38 97 5.669
10 34 25.84
40 50 7.144
57 96 27.28
22 29 3.084
7 83 33.38
51 99 28.59
30 54 7.645
36 114 14.26
13 59 13.74
18 19 1.319
34 69 6.148
33 96 8.562
16 30 11.14
14 53 10.65
84 87 2.12
21 47 24.86
50 105 20.38
49 75 21.12
39 90 16.04
14 67 36.02
79 85 8.114
58 114 10.85
108 115 10.19
98 111 21.57
1 25 35.32
22 109 23.02
45 88 12.08
54 103 27.25
40 104 23.01
95 105 7.326
16 108 28.82
25 76 29.83
7 93 22.08
70 79 10.12
31 74 12.56
53 61 5.985
66 85 24.01
18 88 10.53
20 70 37.79
76 84 8.596
11 53 9.222
11 31 11.44
27 41 29.67
95 111 19.41
43 68 11.22
8 59 14.29
12 42 20.93
32 39 14.84
3 43 20.03
35 53 10.74
35 99 10.3
10 50 15.41
74 113 11.7
69 81 9.361
1 75 41.23
1 114 30.67
63 71 10.15
1 83 42.82
61 110 12.49
59 67 23.08
82 106 6.791
76 81 4.513
50 56 6.195
47 59 7.91
45 87 11.57
84 110 5.881
58 89 6.628
30 42 16.1
45 92 3.937
21 34 26.69
28 103 28.05
69 109 12.39
31 42 11.0
80 110 7.563
7 74 32.29
19 94 26.59
88 114 5.063
1 2 1.313
11 57 9.34
7 55 9.182
28 107 24.71
7 98 29.16
51 76 25.3
22 24 3.108
43 52 9.995
22 103 31.82
60 109 11.92
65 72 5.812
40 77 21.05
13 112 22.93
45 70 21.82
46 66 11.25
105 108 2.308
65 90 9.021
3 90 26.32
17 62 22.74
91 106 5.33
27 43 26.16
48 82 18.24
96 99 5.462
52 61 9.825
1 59 31.54
73 92 9.345
10 38 30.93
5 21 24.17
26 104 32.32
2 47 21.76
22 83 16.74
10 84 29.8
61 106 13.37
15 49 9.355
27 30 2.787
29 104 25.37
58 113 10.19
2 21 29.02
14 24 4.491
79 111 9.103
49 78 12.67
8 71 31.12
53 57 2.384
5 78 29.55
90 116 4.31
61 81 2.609
59 99 29.98
30 35 12.03
44 109 20.48
51 56 4.773
66 112 26.06
5 80 33.39
67 105 9.101
18 112 12.4
3 10 6.39
33 114 9.412
57 93 20.37
60 85 10.95
21 102 34.8
15 29 4.628
71 102 4.634
42 43 1.324
8 50 8.935
38 76 16.28
20 68 38.13
3 107 31.59
77 112 12.07
61 83 7.484
55 65 23.13
48 97 15.17
14 68 37.95
58 103 25.64
42 55 14.09
36 50 7.311
10 65 31.99
42 57 21.85
19 82 20.9
41 57 23.95
29 92 14.66
66 101 11.48
3 14 10.18
12 107 27.07
34 108 7.93
41 69 15.26
66 82 16.69
7 66 34.13
11 59 13.73
20 63 24.59
4 101 29.6
64 88 15.38
65 89 12.22
41 114 20.48
23 58 4.896
59 65 14.82
44 60 9.272
2 75 37.27
38 111 24.52
24 111 24.49
43 107 17.56
83 107 9.752
7 75 33.4
16 24 4.7
38 46 5.325
30 109 10.06
8 89 16.56
7 57 14.38
10 112 24.16
4 100 29.2
3 96 27.4
11 94 23.79
13 64 26.79
80 89 9.459
70 97 5.776
98 105 7.0
88 93 13.14
51 114 16.39
13 28 11.86
78 84 5.916
9 85 28.05
73 89 14.7
80 103 14.6
78 89 8.245
57 79 24.44
22 60 10.82
7 44 16.82
29 78 14.89
24 101 38.64
4 109 27.17
39 111 25.71
36 46 6.641
60 72 22.88
22 51 15.56
53 113 10.82
72 74 3.019
23 62 16.42
35 116 9.476
40 115 20.92
43 73 15.15
4 94 16.83
40 95 6.604
5 91 20.27
41 106 13.62
3 45 12.35
16 110 24.57
27 62 13.69
81 113 2.026
41 97 10.89
13 111 25.38
15 95 27.36
43 99 14.03
14 28 11.09
83 97 23.4
19 81 20.18
44 111 23.68
7 33 22.81
11 98 31.22
74 83 10.18
16 40 27.83
18 30 10.42
29 105 22.46
8 116 12.83
91 103 11.14
19 111 20.84
19 76 28.59
72 104 5.326
19 25 3.299
33 37 8.423
7 45 12.93
5 83 33.63
26 110 21.02
77 98 11.99
9 50 11.78
12 99 34.17
23 85 11.28
2 41 20.72
15 25 7.343
58 87 7.559
20 41 30.61
74 101 5.135
25 63 26.45
5 11 6.387
20 80 25.91
102 112 12.37
101 114 11.28
39 114 21.48
16 96 29.97
8 57 11.26
75 93 10.7
92 102 3.523
2 98 30.23
18 115 10.76
51 75 24.62
16 19 2.423
17 100 38.13
37 101 12.12
30 85 6.425
17 81 25.43
5 85 31.58
77 116 13.41
87 89 2.748
72 107 11.55
37 99 7.512
55 103 29.36
31 81 6.366
21 77 28.98
29 49 9.295
34 93 2.032
16 86 14.29
60 70 23.08
9 26 20.77
52 78 21.76
6 112 28.02
88 90 4.268
111 113 2.641
6 111 29.16
10 39 29.42
4 51 11.64
63 112 14.14
30 76 13.02
22 32 11.32
54 87 10.5
16 35 23.99
23 84 13.98
13 92 23.79
46 108 15.88
39 92 10.13
38 116 14.56
1 97 35.2
21 107 30.43
109 110 1.315
30 91 7.749
22 41 31.84
39 85 28.51
19 95 29.52
95 101 8.551
48 100 20.64
27 48 20.92
37 109 13.71
25 107 28.98
76 100 8.527
20 57 3.739
34 103 11.62
26 81 14.68
48 89 11.88
63 104 14.83
84 91 10.46
82 96 12.27
25 58 10.63
21 23 3.077
81 95 14.21
39 55 23.1
65 112 22.49
8 38 26.04
78 116 9.411
19 113 14.04
56 93 15.91
92 99 10.87
99 110 20.62
47 89 9.766
32 95 13.55
8 78 27.96
2 97 32.7
53 89 7.579
41 113 22.94
24 112 20.91
59 88 3.845
8 20 12.74
8 13 4.246
89 97 21.61
4 36 24.95
78 107 5.53
76 111 13.53
3 28 27.95
54 76 25.15
27 111 12.75
28 57 2.621
24 75 32.31
35 65 1.907
26 50 14.87
71 82 11.41
95 100 6.715
33 66 10.57
15 66 31.24
30 102 21.66
31 96 13.51
1 37 34.47
2 18 24.08
5 116 15.43
11 101 31.86
59 75 21.65
12 41 21.7
92 115 6.223
7 107 29.39
90 94 8.625
36 39 4.599
29 47 13.46
5 98 27.43
39 97 5.471
18 50 14.21
91 92 1.316
48 115 11.1
37 46 6.73
42 115 12.5
71 113 16.1
70 114 20.57
23 73 31.1
47 52 4.298
12 106 25.1
37 52 20.81
11 111 22.42
29 59 2.03
32 91 1.979
61 91 6.591
36 60 9.735
75 90 7.276
74 82 8.065
58 75 23.74
100 115 17.22
74 107 8.843
13 76 34.26
82 100 13.37
46 81 10.44
43 85 24.63
4 48 6.754
73 79 6.146
88 116 7.886
13 100 36.03
32 33 1.314
72 75 2.768
24 44 29.94
36 68 4.854
81 114 8.858
53 63 10.49
29 68 28.21
11 19 7.884
50 103 22.59
28 77 20.35
28 99 34.42
10 16 6.013
21 85 13.89
11 114 13.79
104 109 5.084
55 80 24.93
67 78 10.0
24 61 16.36
27 80 11.35
14 106 27.69
20 103 33.72
13 31 13.98
7 101 32.51
16 106 27.0
18 31 12.87
41 95 4.848
12 27 11.44
34 86 11.17
44 86 23.16
75 80 4.465
69 112 24.86
55 62 11.31
1 116 25.64
27 56 7.404
18 109 23.87
67 79 11.95
26 70 34.91
22 35 26.66
24 64 29.49
20 27 5.291
7 27 22.99
22 66 33.46
31 85 8.912
53 115 6.438
17 74 33.14
7 30 22.48
15 20 4.296
65 70 5.776
11 66 32.4
52 87 12.96
97 98 1.318
40 72 17.53
59 111 15.71
104 112 12.98
7 96 28.15
30 70 24.55
12 19 6.505
25 66 36.2
7 72 36.36
51 70 27.41
25 54 15.06
32 84 6.14
25 35 30.22
35 47 4.654
47 66 14.22
81 111 9.517
16 79 28.28
43 57 20.49
6 93 23.31
36 95 3.705
41 92 9.922
28 105 25.68
99 115 21.1
23 70 35.13
8 80 30.57
32 114 8.104
3 99 30.26
64 72 10.63
9 115 16.17
45 74 10.52
22 65 29.73
31 35 8.668
57 109 22.9
16 85 20.45
53 90 9.072
2 65 34.62
53 92 11.47
50 70 23.87
33 57 11.91
35 58 13.55
58 76 23.41
37 105 9.667
48 62 5.652
9 80 31.93
70 105 5.726
34 65 2.738
39 78 15.66
43 103 16.12
33 87 5.864
31 111 10.58
54 67 24.72
6 46 17.07
14 85 23.31
77 99 11.79
56 69 29.8
3 54 21.09
11 102 28.12
68 78 12.27
98 108 13.21
11 42 22.11
49 100 22.26
87 97 23.91
10 102 31.35
36 44 8.759
13 29 10.73
29 43 21.12
88 103 16.28
26 43 29.02
29 100 28.14
62 65 6.26
38 109 13.79
34 44 8.606
31 93 6.872
34 91 1.938
1 103 34.71
24 69 37.53
11 109 25.18
38 94 6.1
22 34 23.7
55 82 23.75
5 40 20.07
32 107 13.07
19 114 15.0
32 36 10.27
15 22 6.039
16 26 7.585
9 23 20.61
93 100 7.86
29 115 6.884
57 115 12.53
29 41 24.43
89 93 9.769
74 108 5.409
17 23 6.124
1 82 39.51
18 58 5.846
54 71 26.32
61 72 14.68
17 69 37.48
22 31 8.511
20 98 37.11
57 67 28.87
27 65 25.92
50 91 5.459
13 108 31.18
28 76 23.41
41 81 22.84
10 15 4.437
82 101 12.46
19 90 13.45
45 99 20.39
15 101 31.84
51 104 27.58
42 97 6.685
30 40 22.58
1 68 41.05
37 88 22.94
68 104 13.1
49 53 2.184
76 103 11.91
63 90 6.082
105 112 11.42
81 84 2.282
19 100 34.5
68 105 10.37
7 17 10.54
11 40 25.95
51 72 27.07
19 66 31.73
1 27 35.75
20 31 13.13
15 114 13.46
85 107 16.18
39 113 23.66
105 111 8.949
45 47 3.062
40 106 15.88
10 80 33.24
47 75 16.27
13 43 23.27
44 98 16.09
11 112 20.37
50 109 12.89
70 98 3.735
20 38 33.03
68 86 25.67
35 50 2.405
64 104 16.85
3 106 28.43
43 111 21.86
29 99 30.92
11 93 21.82
85 111 12.24
34 115 8.75
37 47 9.473
57 78 22.69
14 20 6.125
16 47 14.29
106 111 6.315
58 107 23.71
50 78 12.32
60 111 15.67
14 108 30.02
68 100 5.477
59 104 26.23
18 85 14.2
64 83 15.23
33 42 5.814
8 60 12.72
2 109 32.07
34 47 5.647
11 80 29.92
51 102 24.06
4 60 21.24
38 52 16.02
8 31 10.71
18 59 10.7
59 98 28.04
29 103 24.38
39 87 23.78
1 115 27.61
53 78 15.31
12 67 31.35
38 99 9.059
69 79 10.14
17 56 5.381
17 40 31.62
39 109 21.52
9 72 36.71
63 91 6.471
83 101 21.24
23 87 11.9
76 97 8.777
64 90 10.6
67 100 4.538
72 88 21.66
73 99 7.208
37 78 11.58
30 106 14.36
33 61 1.939
56 97 29.88
55 104 31.02
59 70 26.12
64 71 8.827
77 90 5.453
62 74 9.393
5 69 34.12
34 109 5.917
45 69 14.47
51 91 8.305
25 33 23.84
9 24 11.21
1 95 29.01
35 115 11.81
27 29 2.45
21 57 8.341
67 112 26.1
23 68 36.44
32 47 7.159
75 76 1.321
68 113 24.01
49 113 10.17
27 107 25.37
43 97 9.777
27 106 24.63
70 107 12.62
24 52 14.68
74 89 11.66
7 100 32.15
90 112 6.207
45 105 10.45
18 51 14.38
6 15 10.27
26 59 6.561
27 74 26.21
56 68 31.6
21 82 23.67
73 112 21.33
33 95 9.45
49 101 22.74
2 22 30.06
26 98 38.65
99 113 23.02
62 68 12.44
56 101 31.29
23 111 22.88
34 67 8.849
71 76 4.233
40 48 7.525
52 81 15.41
11 52 7.848
25 56 10.26
22 58 5.968
10 99 34.46
66 80 10.73
45 54 8.796
9 96 28.21
36 64 4.567
2 16 22.41
5 51 7.3
57 91 12.29
55 64 15.67
61 74 10.56
47 112 16.21
11 41 22.72
53 73 24.71
69 111 23.14
2 67 35.96
31 60 2.311
39 88 24.88
73 111 16.67
81 82 1.313
12 74 29.78
6 89 24.18
100 114 14.2
71 77 6.015
47 107 14.8
88 99 27.24
64 69 6.458
1 76 43.77
52 66 22.9
4 53 13.27
31 46 6.071
78 102 6.745
73 102 11.08
70 113 21.81
12 44 11.26
61 98 23.34
19 47 15.63
65 110 14.03
30 73 21.06
8 87 22.81
1 102 34.67
57 84 13.75
65 114 15.39
7 41 20.88
54 84 14.24
86 104 23.46
85 108 12.35
11 36 28.23
60 107 20.91
40 114 22.76
54 113 14.99
96 109 7.131
84 104 15.51
60 92 6.827
111 114 2.246
2 116 22.12
20 55 5.788
81 102 12.47
45 68 18.46
43 110 21.36
65 81 6.353
10 101 35.05
1 11 12.8
84 100 22.84
5 24 24.06
51 111 22.95
11 91 14.19
85 109 11.4
76 109 9.236
84 116 14.48
14 109 26.5
41 51 9.421
51 89 12.5
41 82 25.18
4 44 12.52
73 104 7.74
34 75 6.299
11 106 25.94
12 88 13.86
25 86 10.78
18 57 7.167
11 107 27.66
7 114 22.78
3 94 22.95
36 113 14.79
48 84 20.43
5 95 23.41
8 93 14.41
68 77 9.903
53 111 14.97
45 66 14.0
84 92 12.1
51 93 7.596
21 36 32.98
15 91 11.69
68 82 21.04
31 108 13.25
21 65 32.57
3 16 16.46
3 39 22.92
109 115 4.749
73 87 12.75
103 105 2.914
26 63 23.0
18 77 28.11
1 36 34.22
9 110 28.08
51 84 20.97
32 52 10.03
30 64 11.09
1 99 39.98
8 16 7.252
46 51 4.186
44 52 7.223
67 80 12.33
22 56 7.966
42 88 20.56
2 81 35.94
58 80 14.47
2 36 30.87
10 71 35.91
91 99 14.96
37 107 15.63
21 40 34.79
1 60 31.67
18 64 27.91
7 28 22.77
48 65 12.7
23 110 22.71
5 56 9.077
55 81 21.61
3 68 38.07
7 76 35.76
41 116 11.79
73 107 12.62
29 38 25.22
61 109 11.42
97 100 1.98
35 67 5.403
19 48 12.75
5 45 9.641
44 82 22.6
11 61 20.9
27 109 20.49
34 40 10.67
20 94 29.9
8 58 10.49
51 88 14.28
39 49 9.705
70 95 11.39
88 106 11.31
26 54 9.981
26 33 21.34
77 83 5.916
1 38 32.33
11 113 16.02
21 105 32.37
29 72 26.44
41 66 12.71
73 88 20.35
41 78 21.22
13 56 4.38
21 89 15.47
40 68 13.28
31 71 20.2
9 27 16.29
11 48 11.96
15 57 5.707
31 78 9.995
11 45 11.15
87 106 11.75
60 99 26.31
79 102 11.8
30 63 4.861
42 44 2.761
60 64 8.392
21 38 35.77
19 77 25.43
74 106 6.42
4 106 24.9
8 109 25.53
1 96 32.64
8 74 29.51
105 115 10.51
76 115 15.82
30 67 23.34
58 109 13.57
16 31 12.02
71 109 9.642
7 80 34.07
20 108 29.99
14 23 10.01
3 12 8.677
31 51 6.303
24 65 32.12
81 112 6.837
32 73 11.23
22 96 31.99
61 79 8.86
19 71 32.28
14 29 8.803
100 106 6.452
70 103 10.91
18 44 25.96
13 32 20.15
100 110 14.7
48 58 8.869
26 73 30.4
70 112 24.3
23 50 11.48
32 101 15.32
75 78 2.643
68 75 10.28
1 67 37.51
22 82 16.67
23 102 33.44
4 68 34.95
32 72 13.99
32 65 7.152
5 65 28.47
73 86 20.35
44 55 9.726
79 82 2.631
55 76 28.74
42 100 10.62
5 15 10.12
5 114 23.44
55 102 28.19
32 71 13.85
14 69 36.87
21 61 20.07
7 77 33.07
48 60 6.875
12 28 11.3
63 100 10.75
27 55 11.15
57 106 25.16
30 105 15.52
3 89 26.61
12 54 7.092
71 114 14.37
25 44 29.75
24 56 8.755
21 64 29.51
4 92 20.67
25 32 20.5
9 54 9.827
26 86 6.682
75 81 6.145
46 67 11.99
26 51 14.6
26 68 37.04
5 25 25.55
90 92 2.761
23 69 34.02
50 85 13.78
45 71 15.41
63 76 7.502
10 36 30.37
20 36 30.91
1 73 43.76
3 50 17.12
12 76 31.31
10 48 11.39
48 68 20.88
101 111 14.42
101 113 15.09
18 29 5.901
23 112 16.35
64 101 15.31
14 59 13.14
65 73 4.341
19 106 25.57
4 41 13.29
40 108 24.24
12 89 13.83
40 53 15.96
34 55 15.49
3 47 16.15
29 52 8.826
36 38 2.854
18 62 22.03
20 92 25.15
65 106 10.83
73 116 20.56
27 85 2.266
38 72 11.4
23 57 2.727
16 53 6.803
54 98 28.52
4 88 25.18
1 98 36.48
22 99 37.23
72 91 14.07
23 63 22.72
54 102 25.91
15 52 6.52
33 113 8.81
6 26 25.75
30 103 22.46
4 74 29.55
50 115 8.59
25 43 30.59
39 77 14.9
11 56 5.092
5 76 33.96
34 38 6.528
11 51 11.21
8 62 21.52
32 64 7.344
68 97 3.619
24 66 35.92
9 77 31.38
85 105 16.86
28 87 6.352
87 116 10.03
1 84 41.6
59 89 6.684
68 74 7.584
3 98 27.98
6 57 15.69
79 116 13.9
37 68 5.537
38 113 22.31
15 113 13.62
92 112 11.57
10 116 17.99
25 108 28.52
11 105 29.08
49 89 8.461
77 89 9.501
61 65 7.857
44 90 13.99
2 42 21.98
17 54 9.613
1 66 38.73
17 26 6.75
100 116 12.21
50 96 11.13
42 65 7.601
3 67 34.54
75 106 5.44
15 26 8.846
10 28 15.9
32 77 3.717
27 89 6.379
7 34 25.18
50 116 10.52
50 108 21.17
39 65 7.186
39 45 5.883
5 30 22.77
1 31 30.66
10 54 13.2
26 85 7.67
83 102 16.51
10 107 30.76
57 88 8.616
90 98 16.54
6 16 9.547
6 37 28.4
39 93 4.276
29 97 28.35
67 104 12.5
58 96 24.32
57 60 6.325
20 104 34.64
50 82 13.72
41 111 25.16
46 100 13.12
13 103 31.86
35 74 5.533
14 55 6.893
7 112 24.99
2 31 27.57
65 116 12.94
1 51 25.11
4 33 20.81
27 59 2.949
43 49 6.281
47 95 8.844
68 87 23.0
5 113 25.25
22 81 16.23
53 107 22.51
28 90 11.22
65 108 10.81
43 70 14.69
16 84 22.51
73 113 14.18
75 98 11.28
19 57 2.594
24 115 21.29
9 111 26.28
51 62 7.023
14 61 21.49
41 87 23.72
8 97 29.3
12 25 12.12
26 114 20.26
13 89 17.04
1 12 13.36
56 85 15.14
51 64 10.65
29 40 25.51
82 103 10.19
10 31 16.21
37 75 11.12
46 64 4.026
92 116 3.152
26 30 9.046
18 107 27.43
8 25 20.79
41 77 21.42
39 95 3.212
44 67 11.69
22 97 35.36
26 32 14.84
8 44 10.56
31 65 11.76
52 77 22.83
61 78 8.866
20 73 34.18
57 72 31.26
19 93 23.34
36 115 14.48
63 72 10.85
105 107 2.89
19 101 33.46
13 27 11.28
41 96 8.687
24 89 16.32
38 80 21.04
55 67 27.56
40 70 17.62
2 68 39.46
14 63 26.41
24 50 21.17
30 98 26.81
55 107 27.88
31 112 8.647
53 94 14.79
63 92 6.837
69 76 7.015
13 86 22.02
2 71 35.96
39 43 2.189
35 38 2.305
62 86 9.296
56 99 33.13
70 116 21.59
21 104 35.02
68 89 22.43
48 64 9.937
9 29 14.24
6 81 32.15
53 70 26.76
25 97 39.03
63 74 5.732
14 19 4.374
102 111 10.62
56 103 28.73
94 111 12.88
57 99 34.2
25 40 35.38
40 63 11.3
33 45 2.379
58 69 26.65
18 63 25.15
2 53 21.85
54 63 9.9
18 81 22.77
100 113 20.25
73 110 13.06
79 100 11.4
55 86 14.37
6 77 34.42
12 71 33.47
3 114 26.41
78 80 3.075
3 115 23.08
71 93 7.987
70 91 13.44
58 90 8.909
18 90 15.28
84 109 9.088
13 40 27.97
77 87 5.615
1 20 31.12
8 86 24.81
11 37 29.18
27 38 30.18
36 56 23.99
68 84 23.44
18 36 30.28
34 39 9.468
78 94 7.171
7 23 24.01
97 111 20.89
29 82 12.64
40 102 13.07
3 77 34.38
13 51 10.31
22 62 20.91
1 7 6.243
71 96 2.495
27 77 21.7
13 50 12.71
62 83 13.29
44 81 20.15
87 96 20.91
37 76 13.68
19 53 6.011
80 90 5.691
57 108 26.49
51 68 25.34
74 79 4.469
31 59 2.016
84 105 13.38
11 26 14.72
79 92 8.462
66 113 22.9
19 24 3.124
38 114 20.67
12 64 24.01
28 112 11.8
3 100 32.14
17 110 25.71
30 97 24.79
1 72 44.66
105 109 3.039
19 108 26.44
5 88 24.9
40 97 10.24
94 101 5.911
51 85 21.25
72 99 6.922
44 112 24.13
11 92 22.08
39 75 16.49
2 58 26.41
47 97 12.79
64 73 7.333
12 69 32.76
55 66 25.74
94 114 7.704
48 77 14.47
21 87 15.35
68 96 8.891
2 61 29.99
40 58 22.31
10 76 36.53
20 48 20.48
64 87 11.44
30 111 11.58
18 99 36.14
20 77 28.17
1 41 23.85
10 103 31.24
5 108 30.61
18 110 22.27
64 115 14.98
54 56 2.649
41 101 16.98
57 83 21.47
27 60 9.007
33 65 5.882
58 85 10.8
63 86 6.417
26 78 23.21
26 67 35.39
72 108 5.934
64 110 16.75
20 75 32.05
96 115 13.5
89 101 16.55
32 56 10.98
66 105 9.995
4 78 29.3
20 47 21.65
35 45 2.968
59 109 13.99
20 89 15.03
9 31 15.04
30 34 9.338
59 73 22.82
78 81 2.654
24 74 32.65
63 68 9.235
78 86 10.91
10 63 27.71
31 110 9.984
21 96 34.87
29 37 25.13
18 79 27.46
51 90 13.14
3 41 16.04
69 72 5.703
3 75 34.43
7 115 15.46
7 70 38.35
73 109 10.89
2 94 25.45
2 99 32.23
53 87 8.801
65 101 10.88
5 68 34.64
29 93 12.94
66 84 20.6
30 37 22.0
58 63 11.79
7 42 20.73
28 53 6.511
74 111 13.64
39 99 8.833
15 61 13.74
43 105 13.62
68 71 5.929
34 60 4.663
39 66 8.155
22 68 37.31
3 21 27.19
16 63 22.69
19 45 21.86
35 107 14.01
8 26 21.98
29 86 4.424
61 101 22.27
58 100 28.43
58 116 10.08
10 22 14.08
67 90 14.58
14 38 32.39
10 77 33.23
33 100 12.5
31 52 5.031
19 39 30.88
16 89 14.39
103 109 6.293
61 111 14.93
16 54 5.478
11 64 26.94
80 108 6.645
69 78 7.665
86 89 5.799
4 108 29.6
6 103 31.08
13 15 3.043
35 114 13.34
52 107 24.17
3 37 26.24
14 58 7.508
17 89 16.55
55 106 25.35
23 29 3.84
34 87 6.651
59 110 15.01
94 104 6.859
89 103 14.97
49 88 11.07
28 55 8.109
3 51 14.12
77 110 8.603
9 56 6.468
5 12 4.047
44 53 10.02
90 96 8.907
81 94 11.55
22 113 9.92
22 114 13.42
39 116 12.62
26 109 23.28
45 52 6.662
83 100 21.74
52 64 13.36
48 57 10.43
22 76 28.32
68 107 17.47
31 98 23.17
30 46 11.58
19 50 9.674
47 84 17.29
31 43 10.66
19 88 7.369
27 71 30.9
3 71 32.96
76 99 12.3
90 102 6.714
53 86 9.847
9 103 30.58
4 85 32.09
15 60 9.686
24 96 36.46
56 76 28.2
64 96 8.737
71 108 6.101
39 115 20.11
34 98 11.71
2 74 35.74
81 83 2.823
56 92 15.83
2 76 39.98
6 94 24.85
65 76 7.27
29 42 21.62
52 101 27.74
9 63 25.26
86 87 1.316
97 107 11.19
32 97 14.63
15 43 23.06
15 81 22.53
47 113 11.98
37 111 22.84
19 107 26.72
72 109 11.17
30 36 15.35
61 66 12.76
20 111 24.35
5 107 29.39
2 11 9.921
5 35 22.45
28 111 15.79
33 58 8.089
21 27 5.648
79 86 10.1
4 67 31.43
71 98 5.325
75 116 13.51
45 86 21.57
28 61 6.515
16 104 32.77
51 103 25.81
7 16 9.825
3 95 24.39
48 109 13.58
55 70 31.46
7 39 25.83
10 70 39.46
14 52 9.926
82 90 2.643
59 60 1.305
44 92 9.477
104 111 9.637
19 41 28.11
86 99 29.74
68 103 14.99
27 70 32.28
42 70 14.34
19 34 21.77
19 43 25.25
11 88 13.98
47 67 14.08
53 77 20.19
60 89 6.824
19 74 28.39
70 84 21.02
66 116 21.65
2 26 33.96
3 78 32.79
86 108 14.09
5 55 7.591
12 97 30.65
66 75 9.491
15 42 23.13
1 71 41.75
29 106 18.41
16 27 7.522
53 55 2.807
86 98 29.26
22 93 26.04
37 44 7.341
30 92 11.27
2 96 30.15
103 110 9.756
35 110 14.51
38 82 22.31
57 77 23.39
28 34 15.58
26 102 32.99
35 66 4.968
26 58 8.278
85 96 24.53
8 37 25.75
30 69 23.11
10 32 22.83
45 60 6.667
12 30 13.31
73 101 8.444
67 94 9.324
32 69 11.9
45 81 10.34
49 55 6.029
56 64 20.74
32 50 4.652
39 104 20.08
29 58 2.318
14 43 25.49
94 103 5.214
38 55 23.4
14 84 25.57
7 113 24.16
61 104 21.28
93 108 11.46
78 83 4.319
30 77 10.08
52 60 6.066
36 43 4.822
7 116 15.46
35 40 5.315
11 79 30.34
77 105 6.363
11 95 26.49
40 59 21.15
37 53 20.73
57 104 30.59
44 57 16.22
10 68 38.28
2 78 35.56
44 91 8.982
37 51 15.61
1 65 37.75
36 99 5.518
38 49 10.4
4 47 13.66
9 59 15.92
13 90 21.36
5 28 22.82
68 115 23.45
58 70 28.33
6 60 22.19
33 81 4.63
28 44 23.28
19 116 15.06
16 115 13.76
25 52 15.5
38 45 7.984
55 83 24.85
4 40 16.11
65 84 12.27
8 36 25.92
11 84 26.33
42 75 15.8
4 71 30.13
88 97 24.83
1 108 38.1
56 95 25.32
20 105 31.79
21 101 37.95
47 53 6.102
11 97 32.32
20 29 6.485
61 68 15.47
62 106 13.07
31 106 10.49
46 78 11.75
7 71 33.52
54 94 20.34
20 43 27.5
52 89 10.55
18 83 23.62
12 92 20.29
8 46 10.74
50 63 3.304
41 50 9.522
16 32 15.83
41 43 2.603
20 52 10.17
47 85 21.29
54 99 30.96
64 94 9.822
28 31 6.27
87 94 14.82
27 110 12.04
19 110 21.23
1 104 38.05
53 66 21.87
26 47 23.74
101 116 10.98
92 108 6.127
5 102 27.66
25 48 24.1
73 105 6.458
56 113 14.12
78 111 8.152
67 116 21.05
96 104 6.754
15 82 22.71
47 65 11.88
65 95 8.381
8 82 27.58
51 80 22.65
21 94 31.67
15 115 9.462
35 108 12.89
35 54 9.986
28 38 27.7
20 112 20.95
34 80 6.003
48 70 22.07
13 44 21.15
4 111 26.57
82 97 20.29
6 24 22.49
3 63 28.58
5 49 10.85
63 109 9.976
15 64 25.22
60 103 22.32
2 72 39.02
12 65 27.18
44 89 15.41
49 107 20.46
12 103 28.45
3 73 36.22
23 38 32.6
8 18 9.914
48 83 22.33
7 103 28.69
1 13 20.86
56 75 27.94
8 111 23.82
54 73 25.96
19 115 11.23
22 85 6.86
59 77 11.59
57 76 26.96
18 108 27.58
15 83 24.16
3 65 31.25
7 104 31.53
25 60 16.15
75 109 6.107
11 13 3.044
63 78 6.835
40 51 9.829
38 78 12.6
24 47 25.9
41 71 12.72
35 92 4.751
4 38 24.43
46 96 9.158
77 115 12.73
9 70 36.95
52 68 27.54
46 57 12.88
33 69 10.35
54 89 11.08
1 10 9.986
11 30 14.47
9 82 28.98
84 99 26.25
56 104 30.1
73 100 6.053
33 107 13.5
104 115 13.37
16 60 12.01
11 44 20.05
19 52 7.6
49 99 23.67
84 111 11.23
83 88 8.621
20 45 24.47
66 104 14.52
106 108 2.789
16 29 6.842
83 90 5.42
71 95 4.779
7 82 30.69
75 101 4.778
67 95 6.156
86 110 9.448
20 26 2.893
23 67 34.31
15 98 31.75
5 112 26.95
86 115 9.863
3 70 39.53
13 115 15.42
2 29 29.05
73 81 8.122
83 106 11.84
5 60 16.76
80 88 9.21
26 91 22.05
57 58 1.318
44 96 11.45
62 69 11.48
35 82 12.83
9 73 35.81
73 114 16.41
65 68 3.053
67 72 3.136
95 99 5.938
33 36 6.984
36 81 8.847
29 63 10.34
18 96 31.63
21 62 23.69
36 40 8.054
31 84 8.659
30 31 1.315
13 114 22.0
51 83 23.85
8 91 13.04
21 51 16.17
40 113 24.38
66 114 21.97
48 54 6.182
58 74 22.53
49 58 5.565
73 115 20.43
74 91 6.77
59 102 23.92
8 76 32.78
24 97 39.69
12 46 11.15
68 101 10.1
29 85 6.94
58 72 27.72
80 100 13.39
15 37 28.96
23 77 24.93
66 78 11.29
6 104 33.89
4 105 27.53
23 108 27.82
75 89 12.95
1 70 43.04
57 90 13.95
2 52 15.58
14 34 24.91
17 104 34.8
34 48 8.009
69 83 20.21
7 61 24.38
8 61 20.62
46 98 15.25
9 65 29.18
52 95 20.21
6 42 20.96
73 98 5.984
66 88 23.22
16 94 25.84
5 73 33.66
26 55 11.52
36 78 6.721
56 61 11.03
43 91 8.782
9 46 14.4
24 91 24.55
8 72 33.88
18 66 34.45
9 18 9.715
16 109 25.07
60 79 14.56
38 95 5.218
4 87 27.39
12 110 24.26
18 75 30.74
60 101 23.9
84 115 10.83
19 83 21.29
60 95 16.19
80 102 14.67
16 36 27.77
18 38 33.07
32 45 6.527
21 115 16.69
55 114 20.32
99 106 7.55
42 99 11.69
43 92 7.515
49 71 20.96
3 53 16.25
81 105 7.702
69 94 10.76
22 36 30.03
58 82 14.82
13 79 31.61
35 89 10.87
68 106 14.98
29 33 10.02
63 103 16.27
69 108 10.92
95 110 17.51
2 40 24.1
6 116 20.87
54 70 28.18
36 51 15.18
10 46 20.46
27 72 29.85
28 35 21.51
59 69 24.15
81 107 10.77
56 114 14.66
62 94 9.154
42 71 10.19
73 84 12.61
49 56 6.603
33 99 15.96
58 111 13.61
59 80 7.935
43 94 5.2
65 107 13.53
26 77 24.14
53 71 25.05
49 90 7.849
51 59 7.324
79 101 11.57
37 61 12.57
60 66 14.56
1 44 23.78
60 81 7.522
16 111 23.35
45 110 21.27
69 95 9.155
44 78 16.21
14 71 35.94
11 29 10.14
13 95 28.9
32 43 11.4
29 74 21.92
59 107 22.98
53 105 22.43
40 47 4.642
34 106 6.797
35 113 13.02
7 48 11.81
35 95 5.474
37 67 2.356
8 22 20.32
56 102 28.0
70 74 2.161
16 37 30.21
62 76 11.23
60 114 11.72
27 66 29.43
12 63 22.57
17 99 38.46
85 113 3.163
6 99 32.84
35 112 17.45
85 98 29.28
44 105 16.0
45 55 9.244
63 88 7.978
47 92 4.907
8 75 30.66
11 71 33.79
6 79 35.79
36 88 17.54
100 112 22.49
27 102 29.17
66 108 15.14
52 103 25.37
13 75 33.8
12 60 11.37
15 41 24.57
29 98 29.33
27 31 6.389
19 68 35.42
41 89 20.55
5 72 34.07
45 94 4.912
45 85 24.04
60 73 20.17
34 73 6.342
84 97 24.2
11 16 4.267
18 40 31.92
13 45 16.43
12 62 15.41
50 61 2.655
57 100 31.59
6 30 24.19
11 60 13.27
36 83 16.44
56 78 23.41
81 91 5.166
52 67 24.47
2 82 35.98
58 97 27.77
60 102 20.76
16 88 12.48
1 110 36.63
75 95 11.67
11 96 28.68
22 110 20.88
12 20 6.943
80 113 5.112
73 78 4.595
38 101 14.26
19 61 12.1
30 84 3.818
37 106 12.28
65 74 2.348
71 110 13.11
55 68 30.75
12 31 9.982
60 115 7.667
21 63 26.72
78 88 10.0
19 109 22.64
22 47 23.53
19 85 12.21
50 71 20.6
23 36 29.66
24 63 26.31
1 89 31.51
30 57 6.435
5 42 14.73
23 100 36.2
21 100 39.21
28 47 14.34
29 64 16.24
9 114 22.26
61 75 12.22
14 45 21.04
36 75 7.523
89 99 23.85
11 50 13.06
102 113 8.986
67 91 13.63
84 106 13.9
86 112 9.388
79 109 5.641
37 85 25.39
62 99 21.27
3 40 20.87
25 74 31.89
69 88 22.79
54 108 25.09
57 66 26.95
92 101 6.445
75 84 10.36
8 35 22.75
4 19 21.42
85 93 20.51
68 85 26.61
13 69 35.93
26 87 9.509
4 79 32.57
37 70 8.854
6 101 34.51
55 112 22.48
47 68 17.45
38 81 13.18
43 86 22.16
96 101 4.3
15 74 29.26
22 80 22.62
61 67 13.71
55 94 22.11
53 64 12.12
12 58 6.883
27 34 21.29
7 85 30.33
18 52 11.43
26 35 27.41
38 70 12.04
82 83 1.32
55 73 29.45
56 66 27.26
52 62 9.639
17 78 28.88
22 55 11.9
58 68 27.61
40 64 6.155
32 99 21.99
2 77 37.5
5 82 30.63
14 113 20.32
29 39 26.13
29 90 9.113
57 81 15.61
95 98 3.809
43 66 8.116
39 102 7.557
17 47 21.9
65 105 7.122
80 116 15.46
17 111 24.66
7 40 24.31
65 82 11.21
48 116 9.339
98 115 20.23
75 110 8.844
86 95 25.21
64 111 21.1
100 111 16.43
8 54 9.72
22 70 35.69
98 113 22.57
54 114 16.1
17 50 14.02
19 65 28.08
2 91 26.22
37 43 2.905
4 65 28.47
39 53 20.51
64 85 16.23
43 82 20.93
3 92 24.07
88 109 6.875
66 107 20.33
34 61 5.218
68 114 22.85
83 113 3.649
56 94 22.56
1 15 23.15
85 102 23.34
25 101 36.69
60 83 13.31
38 57 25.74
109 112 5.38
47 77 12.57
89 100 20.58
30 71 23.07
36 57 24.1
40 101 18.31
10 35 26.79
26 71 33.7
47 76 20.04
17 77 30.47
4 12 5.467
43 90 12.41
23 44 27.48
7 29 21.3
26 84 10.89
33 71 12.38
17 58 7.505
2 46 21.91
37 84 22.27
28 52 9.787
44 100 16.66
51 82 21.91
43 54 9.161
13 88 16.2
47 70 20.41
31 73 15.53
41 107 21.98
16 92 22.29
12 23 10.03
8 107 27.21
53 101 26.49
72 110 13.21
62 90 8.072
17 22 4.441
63 82 6.837
13 39 29.83
8 84 28.23
40 109 23.2
47 111 16.66
75 102 6.513
68 95 10.6
28 98 32.63
79 99 15.71
51 77 21.58
40 110 26.49
57 69 29.49
35 105 8.21
38 50 6.449
15 31 8.599
55 69 29.12
100 109 10.03
74 103 7.929
92 103 6.719
44 97 12.82
16 71 34.03
10 93 24.16
3 25 30.04
18 65 30.89
80 92 10.14
20 65 30.61
71 112 21.29
17 44 25.62
3 91 23.6
21 99 39.91
57 105 27.27
46 75 15.9
24 58 10.77
29 91 10.06
64 97 9.158
72 111 16.61
21 30 11.72
67 106 14.25
24 107 31.53
48 99 22.98
1 91 29.46
52 82 21.42
42 73 16.12
87 104 20.21
10 108 32.14
84 107 13.81
74 92 3.535
53 88 8.5
46 70 20.18
56 62 12.89
66 95 9.064
7 105 29.77
14 15 1.323
4 14 10.29
86 90 8.082
91 109 4.017
9 60 14.27
18 42 27.41
15 23 7.229
3 80 37.11
72 97 3.601
1 47 25.83
68 109 20.12
2 111 30.7
1 85 40.95
77 106 9.992
6 59 22.27
43 104 17.92
2 104 34.76
56 80 24.23
54 90 12.31
14 65 31.45
94 112 14.78
28 69 29.33
16 98 34.12
47 114 11.97
76 87 9.628
28 81 11.59
5 90 22.61
10 90 23.02
5 99 29.83
10 97 34.2
9 81 28.23
87 107 13.35
30 108 14.27
10 27 14.64
9 109 27.72
33 67 11.11
40 49 10.32
72 95 10.53
33 53 5.531
68 108 15.64
20 106 29.32
15 92 21.08
4 110 28.7
6 74 33.57
22 106 26.89
20 71 35.59
59 97 25.63
49 64 9.602
51 65 15.6
67 70 5.639
69 113 21.6
14 48 14.39
4 43 15.45
13 109 27.51
10 67 35.67
40 87 24.11
70 92 9.169
79 81 3.046
26 48 23.3
17 107 30.6
33 85 12.51
59 106 20.93
18 60 14.0
56 72 31.72
17 64 28.57
19 63 22.16
15 85 15.16
47 102 11.24
25 84 14.22
47 115 9.311
75 103 6.191
24 43 31.18
41 98 11.75
15 35 23.68
8 65 28.54
35 109 9.441
52 79 24.56
20 34 24.94
89 106 9.842
7 46 17.47
83 96 21.47
24 48 24.04
56 77 24.65
10 111 26.21
21 56 7.814
28 71 29.48
22 45 25.72
67 103 14.11
15 77 27.25
4 26 28.03
15 97 32.28
17 19 2.877
93 105 6.724
82 104 7.9
10 57 11.76
97 108 9.294
46 55 9.435
70 89 21.75
55 113 16.98
46 105 12.08
66 99 5.467
20 101 37.17
56 60 7.507
48 63 9.553
12 38 27.39
104 110 8.653
15 38 29.5
5 86 28.8
46 107 15.19
17 48 15.77
44 65 10.92
1 42 25.73
36 108 10.72
35 81 7.399
4 73 33.16
93 101 8.991
31 94 11.77
37 73 9.698
9 37 28.45
62 73 11.56
54 79 23.16
75 83 7.994
52 70 28.64
90 93 6.894
37 102 7.792
99 116 13.89
11 85 24.65
22 88 3.246
65 78 6.34
15 34 21.6
19 70 34.85
27 115 9.129
1 49 23.8
39 108 22.12
66 93 8.438
4 24 25.66
57 112 15.35
48 87 14.47
5 53 11.76
16 107 28.71
11 43 22.47
41 65 12.22
18 84 21.34
6 91 23.32
58 92 13.16
31 55 8.278
46 77 10.46
9 113 23.18
7 88 23.51
12 66 29.73
25 96 35.72
15 109 23.24
85 89 7.162
52 102 24.16
51 92 13.52
9 35 23.96
7 38 28.85
86 97 27.06
31 99 24.99
22 72 33.55
77 104 10.18
73 95 12.34
9 45 13.26
46 68 14.98
18 68 37.7
24 72 36.51
75 94 9.806
38 108 20.4
6 49 13.99
99 114 15.33
7 8 1.32
56 100 30.93
77 91 7.342
1 90 32.01
25 105 31.63
61 76 9.759
50 90 7.974
23 99 38.67
29 62 10.42
13 84 26.61
18 98 34.8
90 108 4.711
72 113 15.64
6 18 12.59
13 110 27.1
52 100 27.17
22 101 34.96
20 49 14.07
71 83 13.86
81 89 5.441
90 111 6.989
17 38 33.43
53 116 9.642
43 102 11.45
3 23 30.19
3 82 34.34
25 75 31.13
6 78 32.71
36 90 9.398
46 86 14.79
61 102 14.02
66 96 7.435
13 80 30.49
22 59 4.794
25 29 7.636
29 73 24.51
35 75 9.279
36 87 13.62
19 99 35.07
55 95 24.77
80 104 11.61
55 108 28.05
29 71 26.44
58 115 6.128
72 89 20.05
64 86 14.69
20 116 21.18
30 49 8.9
22 73 31.74
25 34 27.07
38 73 12.52
22 71 33.84
85 87 2.797
6 65 32.17
6 58 15.81
41 52 10.57
40 100 14.28
34 41 9.934
62 112 16.37
92 98 9.636
2 102 31.26
44 116 12.25
3 36 27.68
56 109 22.93
4 15 10.82
50 68 22.29
23 109 24.14
45 73 21.82
87 105 12.06
57 107 27.16
19 102 30.05
33 82 9.981
12 111 22.45
36 98 7.239
40 57 23.84
81 108 7.057
51 97 23.79
49 65 13.14
11 32 20.03
52 105 24.03
29 80 13.04
32 100 14.74
23 47 22.74
44 84 23.75
9 95 25.74
12 78 26.23
88 96 21.52
55 101 31.67
1 86 38.81
78 85 9.553
27 108 24.04
35 70 9.513
8 10 3.009
75 114 11.78
11 28 13.23
38 56 25.39
5 59 20.89
61 85 6.106
62 93 3.81
6 31 22.72
33 75 11.19
60 78 12.12
43 115 14.07
33 55 10.8
83 111 9.363
56 65 24.15
4 70 36.05
15 71 32.53
59 96 22.67
2 103 31.49
29 112 9.348
89 107 12.42
16 105 29.9
4 39 21.18
5 63 24.98
58 93 11.19
83 114 10.66
26 60 11.07
44 83 25.36
2 101 34.66
29 111 12.89
59 90 8.894
63 102 12.63
56 89 10.69
16 41 26.2
58 62 9.053
57 86 9.269
29 76 21.75
51 60 4.873
62 96 10.67
50 101 24.16
50 77 9.266
39 84 25.99
11 90 16.82
94 97 5.834
16 61 15.25
24 55 11.82
1 93 28.4
56 108 26.57
107 116 9.423
35 96 4.706
2 87 32.99
3 31 25.01
19 92 21.56
18 92 23.33
40 89 21.63
17 39 33.18
12 49 6.845
65 85 20.44
87 109 6.804
17 97 37.09
22 78 23.95
2 83 39.29
18 33 20.6
42 84 23.09
20 64 27.47
65 109 10.44
24 87 14.76
50 86 9.927
31 69 20.2
92 110 8.293
66 97 4.436
56 98 30.86
65 113 14.91
1 33 30.71
28 62 10.95
20 95 32.7
25 100 38.08
3 101 32.66
23 30 7.548
3 66 33.14
5 62 21.71
17 31 14.85
52 106 21.64
40 69 13.89
12 90 15.82
56 110 23.02
27 87 4.307
42 102 7.955
13 77 30.84
44 51 4.653
100 101 1.304
13 60 14.07
40 54 13.59
36 109 9.364
31 102 10.32
52 76 26.43
12 115 11.77
1 80 42.8
4 69 34.48
21 81 23.32
103 112 13.23
13 82 27.4
7 51 12.49
17 96 33.56
9 116 16.36
46 47 1.321
31 79 13.0
9 105 30.76
9 78 29.78
80 111 11.72
66 94 11.21
30 81 5.953
36 107 12.01
28 33 12.12
27 58 6.852
7 81 30.39
80 114 12.11
20 91 21.6
52 73 27.13
16 52 6.164
6 23 25.36
60 90 7.339
23 97 35.95
45 48 2.047
50 80 9.886
51 66 20.51
32 54 8.803
24 34 27.05
53 59 3.953
11 34 23.35
1 112 33.96
1 21 32.2
17 27 7.719
19 89 10.38
47 71 16.89
4 98 25.4
56 79 25.73
50 72 23.37
54 57 2.382
21 59 11.95
6 36 29.16
63 75 9.246
45 107 20.26
24 36 33.4
64 80 7.816
12 86 20.63
8 39 24.26
82 98 22.5
6 51 11.96
8 104 29.62
106 114 3.889
76 105 6.513
39 58 23.75
8 96 26.14
6 66 34.42
67 108 13.26
39 80 22.82
15 48 10.3
55 115 12.78
11 24 8.995
8 32 18.4
87 92 8.863
8 81 26.91
94 108 8.348
23 88 8.451
64 74 6.857
6 109 30.61
29 70 28.07
92 111 10.44
27 68 33.81
18 45 23.17
3 110 32.44
33 104 14.32
98 106 10.31
56 74 26.47
84 96 21.8
18 55 9.133
40 52 12.69
37 81 12.69
55 96 25.97
97 103 7.352
48 66 15.8
8 51 7.13
1 6 5.71
71 115 20.02
36 52 17.22
65 80 7.461
86 114 11.72
69 85 23.96
69 110 20.4
6 45 13.16
30 82 9.707
17 109 27.06
37 87 21.48
40 74 15.32
30 50 6.989
48 95 11.2
62 84 8.027
51 115 11.58
28 39 28.72
47 104 16.19
42 51 9.589
50 100 23.19
22 90 11.76
1 55 24.61
5 81 29.91
32 44 12.3
71 116 14.75
28 48 14.16
23 96 32.85
22 39 34.02
9 87 23.55
56 70 31.75
5 41 12.79
28 84 8.782
57 70 31.54
4 18 20.34
30 104 23.02
93 104 11.21
10 91 22.07
61 99 24.29
67 114 22.02
72 114 17.12
63 115 11.45
54 65 16.1
16 65 28.14
56 105 26.97
74 90 7.236
52 111 21.22
45 98 14.09
43 98 12.15
34 111 11.64
37 92 6.687
58 91 7.682
33 97 11.39
44 75 21.18
65 79 9.087
3 24 28.73
33 74 7.081
13 81 26.73
34 101 10.48
20 84 20.81
60 113 10.46
45 64 8.31
29 51 10.78
70 90 13.22
50 102 20.85
96 107 7.706
1 43 27.18
62 110 15.32
39 106 12.42
12 33 12.64
28 89 8.186
94 115 9.854
41 60 11.26
79 90 5.196
30 107 16.47
45 56 11.57
49 70 24.1
25 36 33.57
13 35 25.43
1 77 40.95
27 98 35.38
32 46 6.942
43 67 8.04
4 84 32.56
33 89 5.268
5 16 9.866
13 30 15.25
40 82 25.74
58 73 25.32
23 55 6.547
13 96 30.74
9 52 6.733
87 108 10.36
58 84 11.8
43 56 15.58
27 90 9.508
77 88 11.19
32 37 12.59
77 111 12.27
31 100 21.8
31 67 20.44
32 98 20.81
25 111 21.88
41 59 20.78
85 114 11.7
38 103 15.76
39 89 21.49
68 81 13.98
2 9 9.076
37 58 23.51
78 101 7.209
34 49 6.953
72 78 6.176
20 69 36.33
19 91 13.31
5 109 27.85
110 114 2.786
14 89 15.14
107 114 5.047
19 87 11.13
65 87 10.41
4 20 23.55
102 108 5.918
111 115 5.059
31 63 5.953
83 103 15.77
29 83 13.03
63 106 11.5
22 77 25.51
13 62 21.77
69 114 20.59
62 111 18.04
39 70 14.22
47 94 5.784
17 114 21.53
32 35 6.792
67 115 22.49
17 105 32.24
30 45 11.91
68 93 10.68
1 61 34.16
5 10 4.615
42 66 8.928
4 17 14.89
25 41 33.42
31 32 1.312
5 43 14.05
8 99 29.76
7 62 24.9
17 45 23.52
57 97 30.27
2 25 32.09
53 85 13.71
7 79 33.92
1 29 32.15
14 88 14.13
29 53 5.868
24 102 34.99
33 102 10.17
69 92 8.174
65 83 13.2
22 91 15.11
36 67 2.593
34 36 2.843
39 62 8.132
24 57 8.914
107 113 8.08
49 54 4.031
75 113 10.77
52 108 24.41
53 110 15.46
3 104 32.67
2 34 29.13
4 9 4.125
87 101 23.04
34 100 8.026
86 101 26.44
45 111 21.1
80 82 3.097
32 86 6.134
84 112 7.143
67 110 21.29
32 51 10.69
50 76 21.63
26 29 6.142
16 102 30.52
29 110 13.47
84 101 22.86
21 29 7.226
59 71 24.35
77 92 5.636
55 89 13.46
58 106 21.8
24 90 22.1
4 35 22.26
59 115 9.122
21 45 27.3
54 110 22.23
5 61 22.17
39 86 26.78
27 51 14.77
27 63 11.52
5 32 22.01
81 97 14.42
55 100 30.89
11 21 11.09
17 61 20.54
71 89 16.74
61 88 5.401
50 110 16.95
15 24 6.594
51 57 6.218
53 103 24.1
12 85 23.2
18 76 31.14
52 96 21.6
5 100 31.44
5 93 15.96
112 114 3.032
35 84 13.25
34 56 15.22
50 59 4.046
75 99 8.736
94 110 11.19
47 73 16.84
75 86 15.38
93 99 10.3
43 72 17.42
30 51 11.36
2 73 39.3
11 78 27.98
1 92 30.79
65 93 6.423
5 92 21.32
29 61 5.573
65 94 9.456
82 112 4.469
22 30 5.329
8 103 27.08
65 88 15.37
40 84 27.07
12 22 10.97
28 96 27.85
8 21 15.73
13 113 21.71
16 114 20.16
6 55 9.066
57 102 28.41
24 39 36.98
7 73 36.01
17 29 8.64
13 71 36.81
4 86 29.88
55 84 21.64
39 101 11.91
25 78 26.02
63 79 8.095
47 80 17.48
67 107 16.27
39 54 20.9
49 87 10.42
15 90 13.66
47 62 3.548
30 114 9.218
11 99 32.85
49 103 20.71
9 40 24.02
18 73 34.03
43 71 12.06
78 104 5.436
89 98 22.67
3 111 30.21
66 87 20.78
26 97 37.06
4 58 20.49
12 24 8.605
47 63 8.943
70 102 8.634
51 116 13.03
18 54 11.29
70 77 6.924
14 41 26.72
29 67 26.93
60 100 23.49
84 103 21.34
32 94 10.28
6 105 31.91
96 110 12.92
26 40 33.73
101 108 6.506
38 96 6.668
15 27 6.646
4 102 25.87
18 32 16.13
14 114 20.64
32 49 6.486
10 66 34.26
18 74 30.65
47 93 4.232
25 88 9.122
51 52 1.323
14 107 29.17
17 42 28.03
31 88 3.925
30 78 11.34
62 103 20.16
27 46 21.63
58 83 15.58
16 38 29.72
71 90 11.51
64 93 5.656
36 80 11.89
6 73 37.2
54 92 14.51
37 55 24.64
40 56 23.41
39 59 22.44
47 91 4.218
15 67 32.89
19 32 12.03
6 100 34.31
87 102 20.12
50 104 23.77
13 101 35.43
13 63 25.22
44 73 21.35
69 75 5.789
66 106 14.05
26 69 34.21
67 96 5.198
63 108 12.65
9 22 15.71
87 100 23.17
85 95 26.25
40 112 27.99
14 83 27.79
44 45 1.316
20 42 28.74
65 96 5.777
56 86 11.92
7 110 28.71
63 70 10.57
34 88 9.846
110 113 1.916
14 81 26.29
48 85 21.65
31 68 21.59
69 101 7.295
60 75 15.16
15 68 34.59
17 84 24.08
44 64 7.341
86 92 14.41
6 87 28.03
25 47 25.58
43 116 10.74
13 65 30.12
10 58 11.05
25 39 35.93
38 105 11.92
67 113 23.3
30 47 11.46
97 112 23.73
95 108 13.56
8 34 22.18
9 43 20.26
70 110 15.91
49 108 20.79
53 102 23.03
94 99 6.932
48 108 20.49
54 77 21.46
48 91 6.379
20 88 11.29
61 97 20.52
8 63 24.53
27 32 8.676
104 116 11.02
5 13 7.996
69 105 7.197
33 84 9.32
19 51 10.63
94 100 6.402
10 42 24.04
20 97 36.55
33 59 7.099
8 40 22.35
26 66 32.93
66 86 23.09
49 111 14.02
86 113 5.016
17 57 7.191
3 29 26.92
7 20 15.07
64 106 13.52
4 23 27.48
108 113 6.925
40 65 9.872
28 106 23.53
71 107 7.527
12 26 13.36
48 110 20.45
33 34 1.298
20 30 10.6
46 90 8.938
23 43 28.02
35 101 12.01
8 19 11.67
34 79 6.221
7 43 22.0
64 102 13.95
7 78 31.01
80 105 9.529
22 86 6.33
55 72 31.7
5 87 26.65
53 83 20.49
19 54 7.078
43 53 11.5
25 71 36.56
108 114 6.873
30 74 14.22
43 108 18.87
4 30 23.92
68 92 11.83
6 102 30.73
20 74 31.66
51 112 21.7
87 99 26.65
71 88 22.03
14 95 29.86
38 63 6.381
46 69 13.01
19 73 31.4
14 115 12.48
12 96 27.11
22 37 32.38
97 110 15.59
50 52 2.855
47 96 9.75
5 14 10.23
16 42 24.58
31 50 3.158
15 47 13.54
45 75 20.72
14 42 25.69
17 32 20.46
109 111 2.897
65 104 11.98
25 57 10.15
76 92 9.503
54 97 26.63
36 110 14.81
61 94 12.54
43 78 14.02
69 86 23.44
14 70 38.55
16 95 28.73
3 38 26.38
95 107 12.02
25 82 21.56
45 83 24.14
84 108 9.639
43 58 14.53
38 91 9.963
18 34 24.17
85 97 27.09
19 103 29.89
39 64 5.579
88 110 6.466
38 75 14.22
6 114 25.33
66 90 14.42
46 80 13.15
42 107 15.88
21 71 37.02
66 102 11.85
27 84 5.817
50 94 9.463
71 81 11.09
4 76 33.63
63 67 7.411
10 87 24.26
15 78 25.38
4 112 26.11
45 67 13.04
35 97 6.045
90 110 3.636
61 73 11.87
4 75 31.09
57 98 32.04
8 92 20.34
22 92 23.68
23 101 36.11
9 32 21.15
56 107 26.63
1 74 40.18
39 82 24.33
23 113 15.53
88 94 16.01
9 71 33.92
20 51 11.36
44 58 13.93
7 54 14.96
6 32 24.98
41 67 9.115
60 96 11.97
54 82 20.54
79 89 10.84
8 112 22.67
14 30 13.61
59 64 12.13
14 100 36.04
24 30 11.68
19 42 25.76
36 102 7.665
11 116 12.25
6 75 35.07
58 66 24.77
72 96 6.291
17 113 20.46
42 103 13.06
52 57 4.686
29 94 22.21
9 88 21.6
42 87 20.29
3 103 29.56
26 111 21.18
37 56 25.99
27 82 9.226
38 107 20.49
36 62 6.602
16 43 23.33
9 108 31.12
20 62 21.25
10 49 14.28
66 91 12.76
10 64 28.83
21 84 20.86
19 80 23.46
51 94 14.53
65 102 10.77
29 32 6.971
51 78 21.26
11 110 24.65
76 89 12.63
23 35 26.14
70 82 14.01
32 109 6.913
54 95 22.98
1 53 25.97
6 64 29.24
89 104 14.64
62 79 12.45
5 79 32.77
33 70 13.52
62 67 10.18
5 111 27.59
14 64 28.33
61 82 7.74
56 115 9.934
1 40 27.05
62 102 12.56
34 62 4.371
1 87 36.24
2 70 40.32
69 89 20.45
90 99 20.35
7 64 28.88
57 101 31.9
14 105 30.87
2 30 29.66
21 92 26.51
13 97 34.23
51 63 11.59
11 69 35.11
49 77 13.13
19 72 33.41
40 60 12.74
44 56 13.31
8 30 15.49
7 108 31.07
7 18 9.978
81 104 11.39
21 50 17.19
36 104 10.13
29 77 14.14
83 89 9.746
12 83 26.97
52 114 13.79
97 104 6.847
44 54 9.011
43 106 12.49
12 36 25.9
81 86 6.29
8 102 26.94
64 75 10.08
15 54 8.583
31 107 14.39
14 92 24.25
81 96 9.739
12 105 28.27
28 93 22.01
38 104 17.32
4 83 33.92
24 71 37.48
44 95 9.182
93 98 8.097
6 97 32.47
23 82 20.37
52 75 25.66
49 51 2.919
45 102 8.852
11 46 15.6
85 92 15.42
55 91 11.66
15 107 26.46
4 32 22.75
6 96 29.39
97 115 20.2
63 110 11.49
16 97 33.44
16 93 22.82
29 81 10.86
47 110 15.8
23 41 31.65
61 92 8.816
12 112 20.35
64 82 13.29
16 51 8.651
38 100 9.639
4 104 29.32
39 112 26.82
2 108 34.65
9 57 10.41
41 62 9.323
4 13 9.666
66 77 6.263
4 80 33.61
63 107 15.06
8 28 20.05
76 114 14.49
62 72 14.94
32 38 11.85
20 114 21.22
53 97 24.27
18 41 29.2
21 31 14.8
52 69 26.41
110 115 5.853
30 101 24.91
29 56 5.196
36 63 4.875
48 92 8.17
47 82 15.86
91 111 9.417
11 62 22.53
33 54 7.165
45 65 10.34
15 65 28.24
16 99 35.96
53 79 21.69
44 70 21.01
11 25 12.76
37 112 24.61
25 99 41.12
12 32 14.72
42 111 22.07
33 83 12.24
14 46 21.21
42 64 6.119
54 116 14.47
63 89 7.284
5 66 30.78
14 116 14.62
56 81 20.63
50 84 11.18
41 109 21.83
8 33 15.85
15 30 9.356
12 104 30.87
9 39 26.19
49 84 15.41
69 103 11.96
55 105 27.81
20 33 21.18
16 100 34.68
21 32 20.25
2 66 36.49
4 10 5.946
81 103 13.15
50 57 5.595
58 99 30.95
38 102 10.63
5 64 25.55
30 95 22.13
24 33 23.69
30 94 16.31
4 107 27.99
28 97 30.94
70 81 11.92
24 100 39.81
43 83 23.9
2 54 24.42
70 88 23.92
21 95 34.56
12 29 9.449
27 78 20.42
59 112 12.77
48 88 14.69
54 60 2.113
84 88 4.991
25 61 20.1
89 111 7.02
60 110 14.58
60 98 24.51
1 28 34.14
26 61 10.16
7 102 28.74
69 115 21.83
4 16 12.49
11 22 11.6
18 39 32.8
44 87 20.14
38 74 9.446
36 76 9.5
46 88 13.8
59 81 8.33
15 80 26.24
79 97 11.46
32 83 9.208
36 92 3.974
28 115 10.92
23 92 24.65
42 105 12.03
10 94 26.06
10 62 24.56
21 43 30.51
12 37 28.05
53 65 15.66
5 106 26.34
3 84 36.11
75 87 11.37
40 76 23.61
23 31 10.06
18 95 31.02
38 44 6.087
54 74 23.25
102 115 6.789
63 97 9.792
41 56 22.36
83 105 11.62
1 18 27.37
37 90 13.33
11 108 28.78
44 80 22.67
12 45 9.97
26 113 12.85
95 103 7.945
20 53 7.89
76 90 8.005
31 48 6.726
50 79 20.37
27 64 23.04
14 97 35.24
32 110 9.396
89 110 6.485
16 77 27.66
12 84 24.7
61 100 21.39
43 75 16.22
43 76 20.06
70 96 7.32
31 76 14.29
21 60 15.35
26 95 33.71
51 107 25.03
22 116 15.79
5 105 28.89
58 108 22.86
28 75 24.51
12 102 28.05
73 96 7.698
46 101 16.26
6 41 20.55
13 36 29.18
46 56 11.2
76 113 10.35
22 43 28.62
18 71 34.51
57 94 23.85
6 47 15.7
89 108 10.52
39 72 14.15
53 99 28.47
65 86 15.81
51 87 13.33
72 92 10.57
23 114 20.51
18 113 14.27
51 69 24.8
12 79 28.76
36 61 10.61
42 77 12.38
75 96 6.884
44 69 15.57
27 44 26.24
19 84 14.38
1 94 28.01
48 76 21.58
23 74 29.21
3 102 29.01
37 64 3.194
48 59 10.24
44 113 20.47
18 49 15.16
4 54 15.95
2 35 28.42
73 90 10.33
14 77 30.97
72 116 21.0
17 53 9.745
53 112 13.29
52 116 10.58
54 115 10.96
28 51 10.31
12 70 34.69
27 93 24.51
3 55 12.61
49 50 1.322
47 57 11.61
31 75 14.79
38 89 16.16
42 110 21.79
66 81 11.63
27 100 33.39
45 108 20.88
12 82 24.78
63 96 8.355
56 82 21.97
8 100 30.79
34 70 8.581
74 110 10.19
25 45 27.19
92 97 7.17
47 88 13.06
13 116 17.74
17 101 36.88
61 114 12.31
28 101 31.14
83 109 7.932
28 85 6.075
1 48 22.45
24 41 33.76
26 37 33.41
27 76 24.24
32 41 13.9
1 69 41.17
21 109 26.31
7 109 28.32
76 95 14.53
37 79 15.88
39 68 9.871
58 78 16.06
96 108 8.29
71 87 20.91
70 111 22.05
74 84 11.66
10 100 35.22
23 42 29.35
21 106 29.8
52 113 13.58
13 53 9.802
46 79 16.63
77 108 6.441
40 86 26.74
52 84 21.03
52 80 23.26
16 90 17.44
86 106 16.67
7 89 21.98
54 105 25.14
88 104 15.97
21 108 30.06
16 50 10.79
56 88 9.84
31 38 13.66
35 69 6.224
18 82 23.03
18 56 6.124
5 57 14.87
7 65 31.57
46 50 1.996
25 30 11.71
19 67 33.19
27 75 25.56
22 42 29.31
57 71 29.9
50 98 22.41
20 66 33.96
22 87 7.475
79 103 10.61
46 85 20.76
91 104 11.47
41 72 21.22
100 107 7.598
11 82 26.11
30 52 9.682
9 66 31.22
107 115 9.377
48 111 20.56
24 116 24.48
49 68 22.71
46 112 16.82
81 98 21.98
13 99 37.46
24 46 26.3
23 78 23.91
96 111 14.76
45 106 7.083
26 56 9.328
79 96 11.51
57 64 20.32
48 78 14.55
97 102 2.779
27 47 21.21
13 42 24.65
10 106 28.53
81 101 13.5
41 86 26.48
66 115 22.1
11 89 13.89
36 106 8.474
47 81 11.89
4 22 25.88
3 18 22.66
4 50 14.3
29 54 7.117
9 90 21.88
23 33 17.32
15 76 30.42
23 39 33.54
7 9 2.997
7 92 23.02
60 105 17.57
45 72 22.12
83 92 11.8
6 50 16.17
84 94 21.38
84 93 15.54
42 68 12.05
24 40 35.86
31 77 9.408
12 13 1.321
5 22 24.63
7 67 34.0
17 95 32.29
98 109 14.14
88 105 12.96
65 75 6.021
85 101 25.77
25 115 15.46
28 82 12.9
60 82 12.46
62 89 8.689
53 75 23.47
52 97 24.79
34 68 9.397
95 112 21.68
42 98 9.219
20 99 38.8
12 98 32.22
7 60 21.2
32 93 6.203
25 113 15.49
35 98 11.12
37 108 15.78
22 95 32.12
28 60 5.573
74 115 12.86
44 85 25.45
38 60 13.76
36 79 11.24
29 60 5.042
6 34 26.23
14 37 32.18
35 63 1.922
4 63 25.64
69 93 9.46
15 88 9.518
42 54 11.51
17 60 14.36
10 19 9.98
80 115 13.46
6 110 31.37
38 112 25.78
39 103 13.84
15 84 21.88
2 43 23.54
3 112 29.69
39 91 11.25
32 76 10.03
27 94 27.84
20 113 17.86
57 61 9.802
3 30 27.52
8 73 33.23
29 44 21.19
95 102 2.922
6 95 26.77
69 116 20.77
35 51 9.66
23 95 32.31
35 76 11.24
14 62 23.09
34 84 8.437
25 90 21.06
99 112 24.33
27 95 30.59
72 100 4.995
31 104 20.17
3 35 25.1
58 77 16.72
51 81 15.32
21 42 31.33
43 63 6.318
29 50 7.057
6 44 15.55
11 65 29.91
73 108 7.984
10 81 29.42
45 76 22.46
74 86 15.83
19 31 8.656
58 71 26.44
17 102 33.13
14 96 31.6
7 37 27.85
40 92 11.18
19 86 10.26
12 95 25.19
40 96 10.18
9 94 23.28
11 35 24.68
64 68 6.397
49 66 16.21
71 79 8.001
80 95 20.46
37 103 12.4
4 28 24.96
74 98 8.328
47 55 6.615
15 21 5.877
64 113 15.43
27 49 14.04
30 83 9.129
48 81 13.78
57 103 29.27
98 114 16.7
1 64 35.73
12 75 30.59
38 51 13.55
27 99 36.75
8 47 9.356
44 114 17.62
36 112 21.91
15 51 9.933
51 101 27.44
49 110 14.81
36 48 10.54
22 44 27.99
77 114 12.01
64 79 12.7
91 108 9.538
7 19 14.01
28 94 25.59
53 68 26.54
4 77 31.05
16 91 15.4
22 89 8.203
38 90 13.47
57 65 23.69
9 47 11.49
29 36 22.57
11 70 36.82
7 59 21.34
49 73 22.56
54 68 27.71
14 74 32.8
99 103 2.878
56 106 24.53
30 113 6.186
26 42 30.24
24 29 7.824
38 115 20.62
8 24 15.17
7 84 31.68
20 44 26.44
31 72 21.13
79 113 6.241
15 70 35.12
15 73 32.77
31 47 5.877
6 28 24.25
26 105 29.64
2 112 30.2
63 99 13.21
5 77 31.07
10 33 22.48
25 89 14.48
43 81 14.05
28 65 24.08
24 31 14.95
81 110 5.842
95 106 6.662
60 71 20.91
18 103 30.42
24 70 38.58
17 41 29.61
55 61 10.62
28 46 14.8
28 92 20.21
20 37 33.1
63 95 10.19
70 115 22.6
45 80 22.03
34 94 4.963
44 88 20.43
24 105 33.42
16 64 24.86
69 102 9.345
102 114 4.886
46 84 14.82
55 110 25.05
40 116 14.58
63 105 9.864
1 35 31.87
15 75 29.83
86 94 22.72
28 56 5.501
16 116 17.19
62 92 8.057
34 112 12.26
60 86 6.982
10 60 16.43
19 59 6.128
48 114 14.49
60 104 23.16
19 79 25.28
18 91 16.53
22 115 11.31
11 38 29.4
33 73 10.98
41 103 15.91
45 77 11.2
7 26 24.07
25 102 33.1
46 87 11.23
27 42 27.07
36 86 20.79
15 46 13.67
31 80 9.21
54 93 10.26
37 72 9.646
59 105 22.79
19 46 20.22
11 68 35.66
14 82 26.33
26 108 26.63
7 69 36.47
46 73 15.68
79 84 4.743
51 74 22.33
60 63 5.588
29 65 22.01
18 35 26.76
2 85 37.44
39 63 9.919
28 108 23.49
22 69 34.87
32 85 8.905
36 59 16.81
48 113 14.11
76 116 15.43
54 106 23.05
25 65 32.43
44 74 14.46
12 93 20.03
30 65 12.89
12 72 34.82
45 79 22.26
68 102 12.37
1 34 32.76
82 85 5.001
63 113 8.598
112 113 1.325
9 89 20.2
3 22 28.46
9 49 11.56
33 38 7.018
71 111 15.64
23 61 11.38
33 111 13.84
28 45 21.48
25 91 23.58
48 75 20.34
10 105 31.69
54 75 25.12
53 91 5.66
90 105 6.044
20 109 26.18
76 93 13.12
31 86 5.1
28 109 15.61
25 94 31.89
80 94 15.27
11 54 11.3
41 73 21.79
42 56 20.8
71 85 23.18
29 102 24.02
103 116 7.733
60 87 5.377
24 45 27.5
23 52 10.1
77 97 9.787
38 54 20.89
35 57 20.37
13 66 32.74
10 52 9.426
68 116 22.19
40 71 11.0
23 32 13.53
23 46 23.18
8 105 27.53
13 57 8.355
55 77 25.07
42 50 6.911
21 113 18.05
82 107 5.815
73 93 11.75
60 108 17.71
44 59 13.82
55 63 15.03
71 91 12.09
83 95 23.62
74 104 6.763
69 98 2.831
74 87 11.08
12 114 15.89
79 95 16.48
19 38 30.64
41 85 28.78
28 73 26.51
19 33 13.73
57 75 27.42
21 46 25.45
66 74 5.935
84 90 5.369
46 58 9.731
69 82 13.29
67 101 9.561
60 80 8.452
93 110 12.76
77 109 7.469
64 70 10.32
43 89 14.55
50 83 20.39
62 78 10.02
47 56 10.31
35 87 11.09
32 58 6.69
4 72 33.16
70 106 10.55
6 53 14.48
42 47 4.441
6 52 9.14
93 111 14.5
49 69 21.73
106 113 7.644
37 59 21.82
64 95 9.784
8 23 21.75
9 30 18.15
50 95 11.39
45 63 8.138
10 92 24.76
61 95 14.93
18 46 22.42
96 112 21.58
87 110 6.984
7 24 21.02
23 89 12.86
52 85 20.76
52 99 28.78
20 107 30.4
85 90 8.264
72 115 21.23
50 89 7.594
9 48 8.998
79 114 11.43
24 92 28.19
62 98 20.21
28 114 14.14
85 100 26.14
51 110 23.1
42 85 25.26
10 89 21.1
82 86 6.893
24 113 20.71
25 104 33.74
23 40 32.59
23 81 17.65
38 106 11.91
38 79 21.11
42 62 6.102
51 79 24.09
39 83 27.02
29 108 20.24
67 92 10.8
50 67 12.32
51 100 26.54
17 90 20.96
29 79 16.03
80 87 4.689
34 58 12.34
34 76 6.689
30 96 21.63
69 80 9.232
12 21 9.919
71 103 6.155
19 78 23.94
35 59 12.27
14 39 31.22
80 96 13.29
76 88 14.23
16 74 30.29
14 31 13.76
40 105 20.25
26 89 13.13
77 95 11.73
77 94 10.61
8 14 5.98
26 44 28.58
58 86 7.22
16 113 17.7
39 100 9.764
34 102 8.006
3 26 31.56
72 82 10.74
40 85 29.17
43 45 2.725
2 38 29.53
23 105 29.97
57 59 3.596
61 70 15.94
85 94 23.83
41 84 26.73
21 69 37.96
9 34 23.41
34 104 10.06
62 75 13.39
14 91 20.87
92 107 6.95
44 68 16.13
76 102 11.38
67 75 6.468
87 98 25.72
30 39 23.28
24 95 35.96
21 114 21.33
22 48 22.56
46 83 21.16
26 31 11.8
23 94 29.53
31 61 1.972
62 81 5.127
27 113 6.055
14 90 20.68
67 109 14.62
26 90 16.48
47 58 9.725
64 116 13.66
63 114 12.74
5 115 17.98
59 95 22.89
55 74 26.58
85 115 11.52
65 115 14.5
16 62 17.21
31 101 21.58
24 106 30.73
17 36 31.49
25 62 23.89
21 35 29.42
37 86 23.96
23 37 32.34
7 99 31.01
70 94 11.86
12 108 27.88
91 112 9.649
39 79 22.94
3 57 23.06
16 49 11.0
4 61 23.51
67 74 3.941
27 37 29.92
63 85 8.381
5 46 13.45
49 63 8.73
41 61 13.93
24 94 32.98
12 17 4.278
55 57 2.796
4 21 25.24
41 64 8.781
67 93 7.195
61 116 11.24
19 44 24.27
82 88 7.276
40 93 6.134
30 66 22.08
5 94 21.48
17 82 26.05
1 39 29.24
41 79 25.02
17 30 12.92
37 98 7.484
6 106 29.13
21 52 13.86
43 77 11.94
15 93 21.73
37 110 21.04
78 99 12.08
28 66 27.73
16 81 23.13
72 87 20.18
27 96 30.51
73 97 5.963
29 69 26.65
61 113 7.386
25 106 28.41
37 104 14.62
25 95 34.91
39 105 13.48
28 74 24.64
43 109 14.4
33 56 10.46
26 45 26.59
11 39 27.52
6 22 24.37
10 113 23.38
62 85 12.28
32 79 9.09
46 54 6.027
24 62 23.5
70 108 9.804
30 80 8.43
48 98 20.94
98 116 13.88
24 114 23.33
87 111 9.768
13 48 11.73
79 88 11.03
11 23 12.55
68 88 24.93
45 104 21.37
33 112 13.03
32 66 12.79
41 108 22.9
3 34 25.89
77 113 8.088
15 106 24.87
6 82 32.96
15 33 13.17
13 68 37.3
6 113 26.76
20 58 5.864
10 96 31.01
40 78 21.69
64 81 6.882
41 110 25.03
3 76 36.99
53 109 13.48
51 109 21.76
37 80 14.8
6 12 5.904
62 95 10.58
20 93 26.64
37 62 6.613
20 46 22.72
112 116 8.07
11 33 16.44
3 85 35.71
52 65 20.5
35 56 20.19
29 75 22.26
59 114 13.16
9 97 31.58
45 59 11.94
15 39 28.65
92 104 6.837
59 113 9.914
3 86 33.42
55 97 29.07
69 91 11.25
16 45 20.06
35 111 17.14
75 85 13.98
104 114 9.794
50 113 11.82
48 104 21.67
54 109 21.64
19 105 28.12
56 83 23.47
24 82 23.29
40 55 20.47
21 97 38.23
15 96 28.78
83 115 12.54
25 81 21.39
55 109 24.5
16 48 11.82
77 82 4.25
39 56 25.41
66 71 3.643
41 63 11.86
60 77 10.45
52 59 7.348
38 88 23.11
75 88 14.73
76 96 9.743
42 86 23.15
38 71 5.083
55 71 29.36
2 84 38.32
31 66 16.57
34 85 11.66
22 46 23.51
17 37 33.64
7 32 23.53
52 86 14.0
12 113 16.72
62 114 13.87
7 36 28.42
17 65 31.82
43 51 6.748
55 78 24.37
81 85 5.267
17 35 27.73
5 58 14.75
46 110 15.97
63 83 8.353
44 66 13.43
73 91 11.7
2 69 39.21
64 105 11.63
62 70 14.66
80 93 13.24
15 102 28.05
42 108 20.05
48 72 23.53
24 37 36.07
66 92 9.659
1 16 25.3
25 93 28.74
41 80 25.01
39 76 21.07
72 81 10.14
26 46 24.67
13 37 31.27
36 84 15.83
10 114 22.98
78 103 7.682
88 101 22.89
64 92 8.833
86 100 26.38
48 73 21.33
28 95 28.26
42 76 20.78
43 69 10.85
18 114 13.23
40 42 2.951
34 72 9.116
13 58 8.988
91 107 9.894
66 76 9.8
91 110 8.331
11 75 32.05
59 92 12.89
24 93 29.96
91 101 11.48
36 72 7.156
8 43 16.37
85 116 15.71
16 46 15.75
32 55 12.44
48 74 14.67
86 91 11.06
47 61 7.985
3 108 33.22
101 115 14.62
15 69 33.52
12 100 32.43
77 93 8.295
80 97 14.82
16 75 31.06
32 42 10.93
52 83 23.57
65 91 8.274
46 72 17.66
2 13 14.6
44 108 22.24
9 69 34.81
26 100 36.39
50 81 8.656
23 45 25.66
35 90 8.076
80 99 21.09
57 62 12.39
56 71 29.98
35 77 5.689
27 97 33.71
6 48 10.42
40 107 23.74
23 115 15.04
4 59 22.74
27 73 28.0
42 79 21.3
67 84 21.35
46 71 14.02
63 66 6.81
12 109 24.29
31 64 9.95
26 94 30.95
30 68 24.56
30 116 10.19
104 113 12.13
3 64 28.62
1 32 32.62
55 98 30.67
108 116 11.0
37 83 23.09
54 88 11.45
43 114 15.82
25 31 14.8
21 37 35.13
3 32 26.12
53 98 26.07
43 84 22.53
21 48 23.61
27 57 4.9
21 91 22.8
60 84 8.513
50 99 25.27
48 67 15.46
85 91 13.18
70 80 9.944
91 100 11.49
22 49 14.88
61 93 6.841
24 42 31.69
25 37 36.29
77 96 7.426
75 91 10.51
41 75 21.85
41 100 14.93
22 100 36.05
11 104 30.99
35 71 7.743
9 36 27.48
7 106 26.74
32 40 15.42
60 67 17.33
78 98 12.41
16 82 23.89
18 116 13.96
6 69 37.37
4 103 26.32
90 100 11.77
59 93 10.59
94 98 6.261
59 66 22.47
17 87 17.6
39 74 12.13
8 110 25.95
42 63 7.861
59 82 11.8
35 61 6.197
45 103 12.58
9 92 22.55
79 87 7.504
34 110 8.537
48 80 20.41
33 72 14.19
20 115 15.54
69 106 11.35
9 93 21.45
45 61 8.203
22 84 10.22
8 68 33.83
18 87 14.44
64 114 17.01
26 34 24.5
58 101 28.27
5 29 22.38
50 93 4.737
59 78 13.59
38 87 22.11
10 115 16.25
19 69 33.65
58 110 14.53
55 75 28.46
39 73 15.55
34 59 10.73
35 72 9.712
99 111 21.09
20 82 23.75
46 65 7.863
35 78 7.473
50 112 15.57
32 75 10.59
37 54 22.07
69 87 20.82
110 116 7.796
43 100 13.5
28 32 9.102
50 114 13.23
2 23 32.17
23 71 34.05
10 95 28.62
34 71 8.435
52 74 23.72
52 72 28.58
28 37 27.65
54 96 23.69
64 89 12.31
26 115 15.58
61 108 13.66
88 100 23.53
18 94 28.1
83 116 15.04
30 48 12.5
67 82 15.71
18 93 25.14
25 114 21.09
38 84 24.0
89 112 4.965
44 61 10.8
37 50 8.715
24 108 30.99
25 87 13.0
54 78 20.99
87 93 12.0
18 78 26.19
55 79 26.6
20 39 33.43
15 99 33.35
36 54 20.19
8 83 30.35
79 91 10.45
21 41 33.49
34 107 10.21
31 83 11.87
37 77 9.296
18 89 13.16
97 106 8.935
67 81 13.97
10 69 37.51
8 27 20.53
35 80 10.3
27 92 22.56
21 39 36.14
90 101 11.93
43 74 11.06
49 104 22.81
47 49 2.753
59 91 8.972
10 88 21.72
15 104 30.18
64 91 8.811
9 42 21.38
11 74 31.26
17 71 36.75
67 71 1.328
44 79 23.21
55 60 6.342
41 112 25.89
13 105 31.79
42 59 14.83
10 37 30.82
1 105 36.74
21 90 20.75
2 100 34.0
93 107 11.12
74 76 2.928
4 25 26.8
12 61 14.92
28 42 24.68
36 111 20.26
12 40 24.61
9 44 13.39
14 50 14.72
30 89 2.274
34 99 11.51
21 44 29.48
5 31 20.54
28 36 24.87
3 59 25.82
69 84 20.55
41 70 20.28
49 86 13.03
45 62 6.769
28 40 27.39
49 62 5.969
49 72 23.71
5 75 31.76
2 80 39.44
22 105 29.26
83 93 16.0
1 78 38.87
40 75 21.5
67 88 24.46
56 96 26.59
86 96 24.33
50 75 20.83
12 116 12.96
46 61 5.438
38 53 20.23
62 113 12.4
47 72 21.6
12 59 11.73
3 105 30.95
62 104 20.13
28 78 15.89
47 87 12.71
35 68 6.872
62 116 10.43
51 106 22.24
46 111 16.38
9 33 20.26
26 92 25.5
11 77 30.07
53 69 24.73
26 41 32.66
58 65 21.2
50 97 20.8
81 99 21.59
95 104 11.02
5 34 22.73
28 113 10.01
17 115 16.01
76 82 6.083
15 86 13.1
27 114 11.4
23 48 22.17
41 55 20.88
43 95 6.187
32 102 9.958
16 69 33.88
4 55 9.161
80 109 8.25
43 113 16.28
47 99 20.5
36 55 23.01
17 46 22.79
60 69 20.99
72 93 11.43
3 33 24.08
48 105 15.38
26 74 28.96
9 53 9.67
10 45 15.41
4 64 25.89
74 80 6.106
26 53 11.06
79 106 8.176
59 116 12.98
27 79 20.66
15 100 33.31
49 112 13.9
42 67 7.33
93 103 9.656
9 61 21.3
45 50 4.168
34 52 12.58
45 112 21.52
39 107 21.82
24 35 29.9
21 74 32.79
18 48 20.07
56 90 13.19
14 35 26.71
8 79 30.75
13 41 25.41
33 108 12.55
53 72 27.07
14 60 14.69
9 91 20.15
2 44 20.39
62 82 11.59
7 97 31.07
18 61 16.1
7 56 9.233
13 34 24.05
79 93 12.97
27 45 23.72
33 80 8.005
1 46 25.79
15 59 9.073
93 112 15.12
21 49 21.09
66 109 15.44
21 78 27.46
2 33 27.36
30 100 25.0
34 66 7.935
19 112 13.74
32 108 11.21
27 116 16.23
27 69 31.28
27 91 12.56
3 79 36.15
25 92 27.33
21 116 21.9
17 106 29.38
6 29 23.08
5 17 13.35
18 106 26.49
4 62 22.64
49 76 22.44
33 101 14.12
30 110 10.64
100 103 2.62
39 71 7.571
3 88 28.82
7 47 16.47
11 63 25.53
12 57 6.497
15 79 27.25
67 87 22.12
2 19 26.01
20 90 18.05
10 82 29.8
8 66 30.63
20 32 16.58
16 59 8.875
77 100 8.705
41 54 15.64
112 115 4.661
99 109 13.3
6 39 25.76
88 102 13.09
43 96 8.508
8 67 30.8
39 61 13.92
48 69 17.35
57 63 14.7
42 112 22.78
55 59 7.25
3 83 37.57
61 96 12.91
38 59 21.66
16 33 15.69
59 94 20.39
55 116 13.49
32 67 14.19
14 93 24.55
52 71 25.87
33 110 11.99
63 94 9.275
49 85 16.86
24 60 15.07
49 80 20.13
30 56 7.993
56 112 20.13
24 109 27.37
42 80 21.26
48 90 10.49
5 104 31.05
72 105 5.863
61 89 6.139
53 80 20.42
22 63 23.63
31 103 16.28
58 105 23.89
26 82 15.18
3 61 26.5
14 101 34.72
37 63 6.452
23 116 21.75
23 91 21.09
53 96 21.21
33 78 7.337
42 72 15.74
56 73 29.39
17 92 25.6
60 76 15.2
4 27 26.57
9 100 34.06
20 100 37.63
18 102 30.86
79 115 12.97
8 77 29.83
47 74 12.14
6 33 23.84
103 114 7.514
16 39 29.59
27 81 8.964
5 74 30.07
20 81 22.93
14 47 20.8
3 20 25.54
2 63 32.07
17 94 29.38
47 100 14.75
60 68 21.63
28 68 30.78
26 49 20.25
6 35 26.15
23 75 29.04
24 78 27.18
67 77 8.063
44 110 23.37
1 106 33.52
76 94 12.34
28 41 27.46
70 87 22.18
52 112 16.28
77 101 11.61
11 115 10.76
2 59 28.77
35 86 15.47
80 106 11.69
46 63 5.409
32 68 15.17
91 98 14.12
72 106 10.67
62 109 11.67
3 87 31.05
88 107 12.19
27 36 27.3
14 98 34.49
7 68 37.08
53 108 22.63
103 113 12.48
62 100 13.93
20 35 27.3
25 116 23.02
32 70 14.82
24 81 22.58
6 88 25.86
21 93 28.6
60 65 10.42
35 104 13.74
64 99 11.89
40 80 24.94
20 78 26.97
6 19 15.93
26 96 34.06
19 62 15.34
52 104 27.22
64 109 13.2
12 43 20.26
22 94 29.24
14 36 30.4
13 94 26.15
6 115 21.63
2 27 32.43
53 67 23.53
38 92 8.613
17 91 22.14
47 109 10.66
51 105 24.19
5 7 3.085
10 53 12.58
88 92 10.78
13 91 20.69
21 53 11.93
11 86 22.51
48 79 21.16
32 105 10.46
49 61 6.511
8 108 28.54
36 103 10.99
26 75 28.27
49 67 15.61
13 74 32.95
9 74 32.15
30 72 23.22
49 79 21.15
18 105 29.37
12 81 24.12
58 79 20.69
13 46 16.85
25 42 31.02
68 94 13.19
48 101 21.51
3 27 30.13
9 58 11.61
46 104 20.12
13 49 12.32
48 86 16.34
59 74 20.56
52 63 13.59
79 94 12.64
15 108 26.98
13 106 28.65
23 53 7.293
41 105 15.79
71 80 9.487
35 85 17.35
46 103 15.32
72 94 11.63
10 43 23.76
2 14 12.24
26 93 27.57
20 60 12.23
55 87 14.02
3 69 37.86
40 73 20.4
42 83 24.36
90 104 8.87
23 93 26.18
43 80 20.89
64 77 6.249
46 76 20.05
42 104 15.2
2 86 35.46
49 59 6.71
13 33 20.4
10 41 24.26
63 93 6.123
83 87 5.824
33 76 11.05
43 79 20.95
58 112 11.3
22 75 29.09
55 88 13.39
17 116 20.42
77 103 12.98
6 92 24.61
22 102 31.92
28 49 11.57
10 30 20.36
41 68 14.92
9 41 21.28
15 110 22.34
61 71 15.83
85 106 16.05
77 102 11.65
6 71 34.58
33 77 5.639
12 73 33.1
21 33 23.06
18 53 10.25
47 78 11.84
68 90 16.12
49 83 21.28
2 50 22.77
14 49 14.2
14 94 27.02
49 98 20.95
61 105 13.68
20 56 4.262
44 76 22.66
54 100 28.2
105 110 6.731
10 74 33.92
23 49 13.52
51 61 8.335
68 91 14.74
13 78 29.27
52 98 26.12
21 58 8.972
73 94 12.04
53 104 25.65
3 62 25.53
76 91 11.82
53 76 23.86
42 61 10.52
50 73 21.69
15 105 27.86
13 87 21.11
86 109 11.8
17 49 14.65
33 103 15.04
24 53 13.42
75 111 11.04
13 93 23.61
50 74 10.69
41 83 28.11
86 116 13.98
34 64 4.95
28 116 16.07
12 101 31.77
23 90 15.92
56 84 20.42
17 93 26.45
30 38 21.91
35 79 12.06
17 33 21.82
22 74 29.39
25 49 21.16
80 91 10.52
44 101 20.88
86 93 16.51
24 49 21.43
20 50 12.37
1 19 29.16
83 91 11.76
5 27 25.15
41 104 21.55
2 20 28.15
6 61 25.26
17 88 13.54
35 83 15.35
14 87 20.32
73 106 10.87
44 72 22.65
26 52 14.11
3 13 10.44
35 73 8.629
71 86 23.76
54 91 9.413
33 68 12.94
2 17 23.56
44 104 22.2
76 106 9.809
31 62 5.072
30 79 11.85
83 94 21.55
46 59 9.415
77 107 10.91
25 46 25.78
30 41 22.17
5 38 25.16
33 79 10.63
64 84 11.4
17 52 9.934
28 91 13.35
88 98 26.15
33 98 15.84
33 86 9.598
58 98 28.83
