lambda=0.00005, epsconv=1.0e-4, H = 64, M = 1000, tempo di calcolo = 1149.6967 s
161.3574947032913   3.467611463910814e-6   0.2   0.07547169811320754
470.37724627546925   0.006705399459058989   0.2   0.07547169811320754
154.70358165992374   6.51116570420431e-5   0.2   0.07547169811320754
154.12818180204846   8.155997527420221e-5   0.2   0.07547169811320754
153.9049048459442   0.0001006566872965196   0.2   0.07547169811320754
153.57261988001534   0.00014895431422886818   0.2   0.07547169811320754
153.11526566249418   0.00026338739659892283   0.2   0.07547169811320754
152.37411021128113   0.000575877395305782   0.2   0.07547169811320754
152.19273495968562   0.0027613022721854254   0.2   0.07547169811320754
150.40013072147178   0.003054583628372474   0.2   0.07547169811320754
149.7287711100259   0.0031227129036981217   0.2   0.07547169811320754
148.85216565621744   0.004499116653418096   0.2   0.07547169811320754
148.3610305492856   0.005988355789579374   0.1   0.07547169811320754
147.99733063624382   0.006876710481803398   0.1   0.07547169811320754
147.82390234924438   0.007207022370840233   0.1   0.07547169811320754
147.33899199973288   0.008222572081570827   0.0   0.09433962264150944
145.8882389622459   0.012495045104650021   0.0   0.09433962264150944
143.4335641005691   0.02624271256840679   0.0   0.24528301886792453
142.74162908579618   0.04676699908115376   0.0   0.33962264150943394
139.98514343400873   0.052142727808013725   0.0   0.3584905660377358
138.7548911300815   0.05355772402417401   0.0   0.3584905660377358
138.05756832882722   0.05744111133790171   0.0   0.3584905660377358
137.4866171325884   0.06892104667267127   0.0   0.3584905660377358
136.6382299969581   0.08176633153618595   0.0   0.3584905660377358
135.14620349881199   0.11192561673026959   0.2   0.3584905660377358
133.77230713728517   0.14481436412790322   0.2   0.3584905660377358
132.52380791884343   0.1640872081187092   0.3   0.37735849056603776
131.3723442033863   0.17954035528983914   0.3   0.39622641509433965
130.62381904769083   0.19349210305814335   0.3   0.39622641509433965
129.95779324037176   0.20320591227401452   0.3   0.39622641509433965
128.59969530118445   0.2513202957156523   0.3   0.39622641509433965
127.23573370145259   0.29646323935364854   0.4   0.41509433962264153
126.52811922156091   0.3319631629198375   0.4   0.41509433962264153
126.06122757539107   0.35853299556364837   0.4   0.41509433962264153
125.56391694681413   0.3912569920364311   0.5   0.41509433962264153
124.91989536372026   0.4044133387915586   0.6   0.41509433962264153
123.4343862383201   0.42737842817441873   0.6   0.4528301886792453
122.32888823473334   0.4381039217768656   0.6   0.4528301886792453
121.46097264737368   0.4368999347504116   0.6   0.4528301886792453
121.07298601920597   0.43556181558921986   0.6   0.4528301886792453
120.59090749401302   0.44331093675915634   0.6   0.4528301886792453
120.05583575011781   0.47233441841146595   0.6   0.4528301886792453
119.26264753129514   0.5294261103451114   0.7   0.4716981132075472
118.3236302738513   0.6268893421349327   0.7   0.5094339622641509
117.81934288891826   0.6701518749234103   0.7   0.5094339622641509
117.46898567375933   0.6916054502262093   0.7   0.49056603773584906
116.7623986980113   0.7265702210292657   0.6   0.49056603773584906
115.9773089219495   0.7678493674418245   0.6   0.49056603773584906
115.12696212568457   0.7769860670069897   0.6   0.49056603773584906
114.58118111000239   0.792768536547934   0.6   0.49056603773584906
114.30363358368518   0.82241471206062   0.6   0.49056603773584906
114.09433334882476   0.8407532522778001   0.5   0.49056603773584906
113.76932026138513   0.8854643250676718   0.4   0.5094339622641509
113.4293792699982   0.9446808853187373   0.4   0.5094339622641509
113.06854792460817   1.0438502628032442   0.4   0.49056603773584906
112.61298333907392   1.069132145454908   0.4   0.4716981132075472
112.19739745683387   1.073026342256284   0.4   0.4716981132075472
111.59741338743508   1.0974208061451365   0.4   0.49056603773584906
111.30905127703205   1.1379649665186584   0.4   0.49056603773584906
110.83319365691848   1.1416001472299024   0.4   0.49056603773584906
110.69815610466837   1.1413832886350253   0.4   0.49056603773584906
110.59175297260695   1.1370119637749554   0.4   0.49056603773584906
110.45712089165265   1.1338586289965247   0.4   0.4716981132075472
110.22404616319557   1.1192593182679471   0.4   0.4716981132075472
109.90081286199542   1.1154962619547384   0.4   0.49056603773584906
109.52282945061665   1.1223352462811795   0.4   0.49056603773584906
109.23272389141776   1.1477214014371284   0.4   0.49056603773584906
108.91746048029385   1.1709322894515544   0.4   0.5094339622641509
108.8150137048894   1.1782195646560623   0.4   0.5094339622641509
108.59040385579532   1.2008197844959643   0.4   0.5094339622641509
108.25401081847478   1.246053280902907   0.4   0.5283018867924528
108.12178615661581   1.3411438793104098   0.4   0.5283018867924528
107.7734432646584   1.332569842803719   0.4   0.5283018867924528
107.65473407523268   1.3372377767913504   0.4   0.5283018867924528
107.43200724344248   1.3661450023541593   0.4   0.5283018867924528
107.25235366776069   1.4094254567238649   0.4   0.5283018867924528
107.03683331149843   1.4331815829100913   0.4   0.5094339622641509
106.77963226349955   1.464054326546612   0.4   0.5094339622641509
106.60346600080668   1.494513069288179   0.4   0.49056603773584906
106.41760779708311   1.522765896704933   0.4   0.49056603773584906
106.13027382891718   1.5874462096979416   0.4   0.49056603773584906
105.84212749792631   1.6230070949787772   0.4   0.49056603773584906
105.6090686512043   1.6331953627600457   0.4   0.49056603773584906
105.25049520571305   1.674461376591417   0.4   0.49056603773584906
104.8542076878995   1.751791580493572   0.5   0.49056603773584906
104.55920770185342   1.8170609625589276   0.5   0.5094339622641509
104.36814385540899   1.8028702674460555   0.5   0.5094339622641509
104.21632761552833   1.7967381752872864   0.5   0.5094339622641509
104.0323363711399   1.804054820512703   0.5   0.5094339622641509
103.62913999558766   1.8674751135588559   0.5   0.5094339622641509
103.37889559353775   1.871439284334709   0.5   0.5094339622641509
103.15879904291835   1.8744829605151396   0.5   0.5094339622641509
102.9304942236635   1.8913469689086755   0.5   0.5283018867924528
102.76870763130077   1.9025728880155683   0.5   0.5283018867924528
102.48550512510928   1.9293324638846172   0.5   0.5283018867924528
102.23769951677907   1.9378191494100838   0.5   0.5283018867924528
102.06124750429184   1.9329607327255514   0.5   0.5283018867924528
101.85180946577313   1.924058017725264   0.5   0.5283018867924528
101.68431827741469   1.9183201244902268   0.5   0.5283018867924528
101.30271286273141   1.9004785029294289   0.5   0.5283018867924528
101.35832054425344   1.8687209690993543   0.5   0.5283018867924528
101.14604276313548   1.885077356293867   0.5   0.5283018867924528
100.95397976168103   1.8764729922125825   0.5   0.5283018867924528
100.77223635631363   1.86236247840559   0.5   0.5283018867924528
100.6073357828089   1.8533157031414562   0.5   0.5283018867924528
100.3395348418781   1.8428381944194132   0.5   0.5283018867924528
99.76193493643436   1.8171524481367989   0.6   0.5094339622641509
99.45689064079338   1.8096713406134435   0.6   0.5094339622641509
99.05087116319999   1.8219463771799143   0.6   0.5094339622641509
98.85394233236553   1.8258975927009005   0.6   0.5094339622641509
98.60699157042303   1.8325313287684917   0.6   0.5094339622641509
98.19254858038069   1.8424955086826649   0.6   0.5094339622641509
97.8215621559298   1.8601460257462172   0.6   0.5094339622641509
97.5648424519428   1.8625806597510477   0.6   0.5094339622641509
97.45531517405789   1.862511001370517   0.6   0.5094339622641509
97.33615366214168   1.862900694686757   0.6   0.5094339622641509
97.05222649207816   1.8686335600270456   0.6   0.5094339622641509
96.74405300194609   1.8773327394644612   0.6   0.5283018867924528
96.4751870183451   1.8823329538639502   0.6   0.5283018867924528
96.22965756967787   1.8830652233620346   0.5   0.5283018867924528
96.08128063569566   1.8826557322635504   0.5   0.5283018867924528
95.94126284573213   1.8837804812290642   0.5   0.5283018867924528
95.72970847712745   1.8844007806556813   0.5   0.5283018867924528
95.36441712972047   1.8834595530448401   0.5   0.5283018867924528
95.51410062129256   1.8815874933645473   0.5   0.5283018867924528
95.2415906241351   1.882629511174296   0.5   0.5283018867924528
95.15261071074325   1.8807430287114664   0.5   0.5283018867924528
95.01172648870673   1.8782942840196934   0.5   0.5283018867924528
94.81829788132701   1.8764584312462094   0.5   0.5283018867924528
94.67737569274823   1.8749456420273756   0.5   0.5283018867924528
94.4739700068068   1.8760512288950066   0.5   0.5283018867924528
94.38128428276845   1.8774901918968645   0.5   0.5283018867924528
94.29539813916135   1.8789909068788953   0.5   0.5283018867924528
94.15391030308518   1.8807112578396672   0.5   0.5283018867924528
93.95686774887453   1.8829886561493907   0.5   0.5283018867924528
93.8150742085824   1.8836284638882281   0.5   0.5283018867924528
93.7123467010075   1.882849060044138   0.5   0.5283018867924528
93.64472046140187   1.8816772936169954   0.5   0.5283018867924528
93.50114291250702   1.8796596764279943   0.5   0.5283018867924528
93.34789723410933   1.8779819363046413   0.5   0.5283018867924528
93.15802378067917   1.877726731979687   0.5   0.5283018867924528
93.05148390492369   1.878718306128576   0.5   0.5283018867924528
92.98324208257651   1.8796051797076485   0.5   0.5283018867924528
92.85589304519074   1.880455298986592   0.5   0.5283018867924528
92.5898588393298   1.8810251196644803   0.5   0.5283018867924528
92.30630658926458   1.8802576979382988   0.5   0.5283018867924528
92.05321536187877   1.8775894863244629   0.5   0.5283018867924528
91.94483817301686   1.8753499742993005   0.5   0.5283018867924528
91.8944825650923   1.8737684559962644   0.5   0.5283018867924528
91.80690958315787   1.8715011753426258   0.5   0.5283018867924528
91.66941784404051   1.8686385570446005   0.5   0.5471698113207547
91.5331185530594   1.867483029255501   0.5   0.5471698113207547
91.42834572508794   1.8687067905997687   0.5   0.5471698113207547
91.31591781289612   1.8702664743588526   0.5   0.5471698113207547
91.15342500588737   1.8735103391031   0.5   0.5471698113207547
91.09244983981485   1.8764964222854117   0.5   0.5471698113207547
90.89465084673469   1.8760310455497813   0.5   0.5471698113207547
90.85365700580238   1.87503912289698   0.5   0.5471698113207547
90.79537590168403   1.874115260839768   0.5   0.5471698113207547
90.68024957176101   1.8732614586855696   0.5   0.5471698113207547
90.49654375440456   1.8727650611139657   0.5   0.5660377358490566
90.33779170642   1.8746951350385699   0.5   0.5471698113207547
90.2031534955909   1.8754671029552168   0.5   0.5471698113207547
90.10897312327751   1.8770862155783083   0.5   0.5471698113207547
90.03923724381283   1.87827700235748   0.5   0.5471698113207547
89.86353261755073   1.8811565977430496   0.5   0.5660377358490566
89.72299129581197   1.882778122925059   0.5   0.5660377358490566
89.62274090931462   1.8820369379496096   0.5   0.5660377358490566
89.53649947639407   1.881417184780667   0.5   0.5660377358490566
89.45381011283223   1.8817826894284024   0.5   0.5660377358490566
89.3066560480164   1.883908322955686   0.5   0.5660377358490566
89.19893873569185   1.8881709320700235   0.5   0.5660377358490566
89.0849159956513   1.889232600251472   0.5   0.5660377358490566
88.97923235307556   1.891223941415213   0.5   0.5660377358490566
88.85827271620296   1.8940801109144139   0.5   0.5660377358490566
88.76549946289153   1.9012496984903   0.5   0.5849056603773585
88.58798524160467   1.9016942376714718   0.5   0.5849056603773585
88.54066485865242   1.9005483657119568   0.5   0.5849056603773585
88.47366662333734   1.8998601176137935   0.5   0.5849056603773585
88.34407320772642   1.8998608931830412   0.5   0.5849056603773585
88.13508236688848   1.9002101905305282   0.5   0.5849056603773585
88.03896162111025   1.9031679821154857   0.5   0.5849056603773585
87.84422858382342   1.9037094057713986   0.5   0.5849056603773585
87.78944800149554   1.9039820497329614   0.5   0.5849056603773585
87.75890291101236   1.9046512144858632   0.5   0.5849056603773585
87.64899489731303   1.905865569341883   0.5   0.5849056603773585
87.46673333156106   1.9083333527390625   0.5   0.5849056603773585
87.55457926844397   1.9123574221070343   0.6   0.5849056603773585
87.36623017058484   1.9097509403092023   0.5   0.5849056603773585
87.19513151445364   1.9114048932636833   0.6   0.5849056603773585
87.08293628859528   1.9110271689308511   0.6   0.5849056603773585
87.02304237084235   1.909885348842685   0.6   0.5849056603773585
86.93053521738535   1.908453359165254   0.6   0.5849056603773585
86.79844914166753   1.9076004059130367   0.6   0.5849056603773585
86.73712360181175   1.9078464639732269   0.6   0.5849056603773585
86.61398676145356   1.908778862913513   0.6   0.5849056603773585
86.576437110944   1.909339946466892   0.6   0.5849056603773585
86.46023893759954   1.9106962805291474   0.6   0.5849056603773585
86.38858839789714   1.9131630547387126   0.6   0.5660377358490566
86.189677150968   1.9141750736691727   0.6   0.5660377358490566
86.11354750889784   1.9144818449957528   0.6   0.5660377358490566
86.05189668609076   1.9151007152776682   0.6   0.5660377358490566
85.97411366026164   1.9159295731920165   0.6   0.5660377358490566
85.85118791852479   1.9185878315172413   0.6   0.5660377358490566
85.73257211526781   1.9206085794098349   0.6   0.5660377358490566
85.64043955622576   1.920294843104293   0.6   0.5660377358490566
85.52361683804332   1.9204551510799661   0.6   0.5660377358490566
85.45189154248501   1.9216113387100497   0.6   0.5660377358490566
85.37553629764399   1.9220482618546517   0.6   0.5660377358490566
85.30047179819337   1.9229497014054275   0.6   0.5660377358490566
85.2520230982981   1.9229719734484498   0.6   0.5660377358490566
85.18116682590326   1.9230737516295242   0.6   0.5660377358490566
85.39126448478497   1.9220547643858181   0.6   0.5849056603773585
85.06873465690721   1.9225246102735496   0.6   0.5849056603773585
84.89732040475305   1.9231219561969066   0.6   0.5849056603773585
84.85270383131602   1.922822234995699   0.6   0.5849056603773585
84.77672197932286   1.9218872790862467   0.6   0.5849056603773585
84.71202314964653   1.921508428767551   0.6   0.5849056603773585
84.61857606556528   1.9217029471309754   0.6   0.5849056603773585
84.52459951562008   1.9228635139498227   0.6   0.5849056603773585
84.4595282589342   1.9242457708159133   0.6   0.5849056603773585
84.35522400175263   1.9276250621991742   0.6   0.6037735849056604
84.26599177489825   1.9320787701178939   0.6   0.5849056603773585
84.15992369705623   1.9351605654196646   0.6   0.6037735849056604
84.05293446363093   1.9377021044343536   0.6   0.6037735849056604
83.98980720655602   1.9391384709091966   0.6   0.6037735849056604
83.90334672518671   1.9425034213035497   0.6   0.6037735849056604
83.78707626993953   1.9460108090928618   0.6   0.6037735849056604
83.62991191622044   1.9537205391596613   0.6   0.6037735849056604
83.47299305845708   1.9571260433638433   0.6   0.6037735849056604
83.35594738265989   1.9578878882334552   0.6   0.6037735849056604
83.1961858807823   1.961936915557072   0.7   0.6037735849056604
83.10092442100701   1.9670909713650104   0.7   0.6037735849056604
83.00077766701392   1.9686158848435822   0.7   0.6037735849056604
82.80202357168803   1.981534675148584   0.6   0.6037735849056604
82.6725786501909   1.9852133595456796   0.6   0.6037735849056604
82.57820651989455   1.98165314376641   0.6   0.6037735849056604
82.52916347863776   1.9830708166014015   0.6   0.6037735849056604
82.40403943659814   1.9903243844180207   0.6   0.6037735849056604
82.27855291845745   1.999796240335245   0.6   0.6037735849056604
82.60763699179425   2.022454863787688   0.5   0.6037735849056604
82.2025322318352   2.00606579645884   0.6   0.6037735849056604
82.03534143460296   2.0206827322298424   0.5   0.6037735849056604
81.91817206570256   2.0255790136532523   0.5   0.6037735849056604
81.77030362470897   2.0296180131130312   0.5   0.6037735849056604
81.61053992333811   2.0341200711772136   0.5   0.6037735849056604
81.33629779859538   2.044360278659488   0.5   0.5849056603773585
81.30870841707443   2.073786819950417   0.6   0.5660377358490566
81.14666397988876   2.0584658801259508   0.5   0.5849056603773585
80.9227730203584   2.0707295216275003   0.6   0.5660377358490566
80.84873553171518   2.071416063431993   0.6   0.5660377358490566
80.72232611269355   2.077162266102354   0.6   0.5660377358490566
80.50060869251949   2.096447878019889   0.7   0.5849056603773585
80.25256320673248   2.1052553118767303   0.7   0.5849056603773585
79.9959368712858   2.11826762902851   0.7   0.6037735849056604
79.9342926745829   2.129527911154538   0.7   0.6037735849056604
79.81066141372865   2.126196959873133   0.7   0.6037735849056604
79.72077019376331   2.1261341922381303   0.7   0.6037735849056604
79.53525135534034   2.1313708300595513   0.7   0.6037735849056604
79.35008737465135   2.1407983796410748   0.7   0.6037735849056604
79.13592521110465   2.1602916209203804   0.7   0.6226415094339622
78.79377303573979   2.1727484496130987   0.7   0.6226415094339622
78.58163912311286   2.1812904940005198   0.7   0.6226415094339622
78.38659938685971   2.1920744419009592   0.7   0.6226415094339622
78.23306938907977   2.2029183418011   0.7   0.6226415094339622
78.02348086325111   2.2111478469023984   0.7   0.6415094339622641
77.7527548705821   2.2262989064112175   0.7   0.6415094339622641
77.62590754601908   2.2373443541357925   0.7   0.6415094339622641
77.46667911264889   2.2499707963183324   0.7   0.6415094339622641
77.24759221939472   2.2672311223222197   0.6   0.6415094339622641
76.8821111890547   2.314077417092147   0.6   0.6415094339622641
76.58600250960467   2.328274959285337   0.6   0.6415094339622641
76.39783372068872   2.3320984862470984   0.6   0.6415094339622641
76.24732267223804   2.3408830686465962   0.5   0.6226415094339622
76.05798103650535   2.3536135438218224   0.5   0.6226415094339622
75.738967891939   2.3816293073151784   0.5   0.6226415094339622
75.35955304376965   2.4159992759728324   0.7   0.6226415094339622
76.02897727961205   2.460118771261341   0.7   0.6415094339622641
75.23722212935371   2.4274066540628434   0.7   0.6226415094339622
75.01938523794922   2.4438973726853677   0.7   0.6415094339622641
74.82904873837923   2.4512759216260265   0.7   0.6415094339622641
74.5535615169428   2.4670546117465646   0.7   0.6415094339622641
74.27890219731803   2.489881624874789   0.7   0.6415094339622641
73.9357762127818   2.5159446019263885   0.7   0.6226415094339622
73.4916129602287   2.580689885656182   0.7   0.6037735849056604
73.24992839865598   2.59603087434667   0.7   0.6037735849056604
73.10319657129375   2.599451131955534   0.7   0.6037735849056604
72.67374868590392   2.63614995181101   0.7   0.6037735849056604
72.46237016421529   2.68878692128028   0.8   0.6037735849056604
72.2034548117239   2.6938372722461157   0.8   0.6037735849056604
71.77562483889449   2.7164427494854446   0.8   0.6037735849056604
71.47620163925141   2.7419320376823313   0.8   0.6037735849056604
71.38131073191563   2.8057999263939815   0.8   0.6037735849056604
70.8363925692816   2.799111059255409   0.8   0.6037735849056604
70.7399216931846   2.798291219967372   0.8   0.6037735849056604
70.44445271429761   2.8113925018254813   0.8   0.6037735849056604
70.05888743741363   2.8341222271293853   0.8   0.6037735849056604
69.73588481660852   2.9016695485997945   0.8   0.6037735849056604
69.41449392739223   2.913893095717102   0.8   0.6037735849056604
69.17641730097806   2.929941164628518   0.8   0.6037735849056604
68.90876060095026   2.957233839525821   0.9   0.6037735849056604
68.61598286084798   3.0179276693893753   0.9   0.6037735849056604
68.28414177984541   3.0325479774787736   0.9   0.6037735849056604
68.09902997854216   3.0378596336225225   0.9   0.6037735849056604
67.90764779412797   3.0470207879526394   0.9   0.6037735849056604
67.6140096158285   3.072406656300725   0.9   0.6037735849056604
67.1942150119556   3.0984056534587667   0.9   0.6037735849056604
66.7263779921508   3.1317269598324624   0.9   0.6037735849056604
66.46956376046842   3.160485220829277   0.9   0.6037735849056604
66.23220032768242   3.1790518219200146   0.9   0.6037735849056604
65.9633305116774   3.196674131424875   0.9   0.6226415094339622
65.465491515418   3.248075812745294   0.9   0.6037735849056604
65.04487163526449   3.2919470615005233   0.9   0.6037735849056604
64.75655535493533   3.300609275059324   0.9   0.6037735849056604
64.39134822861159   3.32756975376022   0.9   0.6226415094339622
64.07493145852557   3.3621533611336507   0.9   0.6226415094339622
63.60624106290782   3.41164074748232   0.9   0.6226415094339622
63.47670693313119   3.5126685863535885   0.9   0.6415094339622641
62.80881800553748   3.515972641420066   0.9   0.6415094339622641
62.680816006627396   3.5060613264084193   0.9   0.6415094339622641
62.26301658699824   3.52122177289374   0.9   0.6415094339622641
61.81987936332578   3.571234306260802   0.9   0.6226415094339622
61.44667813893595   3.633683119369019   0.9   0.6226415094339622
61.17530880122795   3.662249723154248   0.9   0.6226415094339622
60.87839780658942   3.6977134063937793   0.9   0.6415094339622641
60.53130681155996   3.7378285321428244   0.9   0.6226415094339622
60.19338538483361   3.8090644588152283   0.9   0.6037735849056604
59.85030007520644   3.812225419085   0.9   0.6226415094339622
59.639572812112895   3.811480073348693   0.9   0.6226415094339622
59.403273511979464   3.8178188742525503   0.9   0.6226415094339622
59.02508174252169   3.8496776450496277   0.9   0.6037735849056604
58.61006371641639   3.8894968355173885   0.9   0.6037735849056604
58.34244914207301   3.918698865509418   0.9   0.6037735849056604
57.99393622679571   3.9706104148761487   0.9   0.6037735849056604
57.632235787283314   4.02886448147809   0.9   0.5849056603773585
57.19204240261419   4.093557707061621   0.9   0.5849056603773585
56.800133725576345   4.154862001514547   0.9   0.5849056603773585
56.54682700028638   4.18966201567202   0.9   0.5849056603773585
56.33204689410636   4.203502025031469   0.9   0.5660377358490566
55.769551736695234   4.274877622144212   1.0   0.5660377358490566
55.38606973791266   4.342591882522367   1.0   0.5849056603773585
55.145827790414806   4.351346972825414   1.0   0.5849056603773585
54.87767583798148   4.385367188213635   1.0   0.5660377358490566
54.58992999205757   4.430185112609323   1.0   0.5471698113207547
54.11541359952405   4.545105455210888   0.9   0.5471698113207547
53.723668968458014   4.583375183471603   0.9   0.5283018867924528
53.52428332575278   4.574934799879159   0.9   0.5471698113207547
53.17884801691607   4.58323913083936   0.9   0.5471698113207547
52.78903876837854   4.613902362938996   0.9   0.5471698113207547
52.273238607686515   4.667114333863445   0.9   0.5849056603773585
51.85718257232647   4.711603797880397   0.9   0.5660377358490566
51.4979756306055   4.762438804694352   0.9   0.5660377358490566
51.20347627413285   4.781953382181678   0.9   0.5660377358490566
50.63222385105766   4.819395087413356   0.9   0.5849056603773585
50.15107245344804   4.905508705045125   0.9   0.5660377358490566
49.786449255670504   4.951473975037951   0.9   0.5660377358490566
49.59773345628681   4.954246468435951   0.9   0.5660377358490566
49.176753411656804   4.969406216659845   0.9   0.5660377358490566
48.748660277055386   5.002089138823584   0.9   0.5849056603773585
48.29292221579082   5.036710120148986   0.9   0.5849056603773585
47.86624343331444   5.071316623971077   0.9   0.5849056603773585
47.61344700902549   5.091503027783219   0.9   0.5849056603773585
47.330482070225976   5.109181271309216   0.9   0.5660377358490566
46.84773920226939   5.133750048324493   0.9   0.5849056603773585
46.537523032539504   5.183916726724432   0.9   0.6037735849056604
46.177302721908205   5.188603260796241   0.9   0.6037735849056604
45.99057827253905   5.191583337438348   0.9   0.6037735849056604
45.7130770918229   5.2057164524943955   1.0   0.6037735849056604
45.33727488094046   5.251673277808999   1.0   0.5849056603773585
44.94278732163767   5.278956027757751   1.0   0.5660377358490566
44.690195247526376   5.306049686235155   1.0   0.5849056603773585
44.49127221756991   5.331804689205045   1.0   0.5849056603773585
44.16895437441624   5.376347115726244   1.0   0.5660377358490566
43.700691304088984   5.472568199730973   1.0   0.5660377358490566
43.306719234727154   5.495532329959422   1.0   0.5660377358490566
43.134569514942235   5.497926918245719   1.0   0.5660377358490566
43.0128200046377   5.502288370121014   1.0   0.5660377358490566
42.74268614231957   5.522719088753014   1.0   0.5660377358490566
42.402545407993514   5.581216088164834   1.0   0.5471698113207547
41.960463918197284   5.613697509746181   1.0   0.5471698113207547
41.561516527202734   5.658028935440056   1.0   0.5471698113207547
41.3439710276602   5.693651507633145   1.0   0.5660377358490566
41.103366166937995   5.743124682466773   1.0   0.5660377358490566
40.78623010491782   5.777503483734456   1.0   0.5660377358490566
40.16668961727436   5.8544828419145825   1.0   0.5849056603773585
39.89527096613125   5.896380921888742   1.0   0.5849056603773585
39.58065257677066   5.936110874666888   1.0   0.5849056603773585
39.27237296824818   5.967373873035522   1.0   0.5849056603773585
38.83295475639156   6.021977115701135   0.9   0.6037735849056604
38.50335076248075   6.104996330171776   0.9   0.6037735849056604
38.218840080667235   6.12686811764301   0.9   0.6226415094339622
38.04453681959715   6.143617597246038   0.9   0.6226415094339622
37.863630855779014   6.167391583538169   0.9   0.6226415094339622
37.44749664295062   6.235572414898273   0.9   0.6226415094339622
37.164618717652374   6.305587117459002   0.9   0.6037735849056604
36.703019064331784   6.3621161385660265   0.9   0.6037735849056604
36.50901134097237   6.3746519415665315   0.9   0.6037735849056604
36.30019103711104   6.39378297218058   0.9   0.6037735849056604
36.04845539918823   6.420579539248207   0.9   0.6037735849056604
35.66899013999076   6.469746702785967   0.9   0.6037735849056604
35.304526409582216   6.522868315638041   0.9   0.6037735849056604
35.04168982449064   6.549334712967495   0.9   0.6037735849056604
34.869525646522916   6.5567180683963   0.9   0.6037735849056604
34.58831472369128   6.5756314856134646   0.9   0.6037735849056604
34.24479005101802   6.6635386405613986   0.9   0.6037735849056604
33.81977886629017   6.687207362597823   0.9   0.6037735849056604
33.70356335931218   6.6935376616925435   0.9   0.6037735849056604
33.524967979454416   6.715665292275388   0.9   0.6037735849056604
33.23241996963037   6.7574638905149245   0.9   0.6226415094339622
32.88970812881513   6.831886891613623   0.9   0.6226415094339622
32.55981062192131   6.859378635637743   0.9   0.6226415094339622
32.342932977725596   6.872733066587077   0.9   0.6226415094339622
32.19866438783917   6.884712691515654   0.9   0.6226415094339622
31.861038540428016   6.92701827878485   0.9   0.6226415094339622
31.469821695454193   7.006132724017791   0.9   0.6226415094339622
31.17245829800514   7.030694718118198   0.9   0.6226415094339622
31.006438690418037   7.045252607881348   0.9   0.6226415094339622
30.838549042151843   7.0654877969633   0.9   0.6226415094339622
30.48762253497146   7.124198760188765   0.9   0.6226415094339622
30.166582341598534   7.2066997622722075   0.9   0.6226415094339622
29.83815630143159   7.252780091421489   0.9   0.6415094339622641
29.678104924420797   7.26813942477521   0.9   0.6226415094339622
29.522826369203393   7.287652521437428   0.9   0.6226415094339622
29.198044482860094   7.368754552996787   1.0   0.6226415094339622
28.84146587551945   7.39969317108417   1.0   0.6226415094339622
28.60241388104387   7.427709025710537   1.0   0.6226415094339622
28.46438860035663   7.455127807565323   1.0   0.6226415094339622
28.24466882171322   7.499464463803031   1.0   0.6226415094339622
27.99444222605338   7.54138841715625   1.0   0.6226415094339622
27.615034402979717   7.6340519128726045   1.0   0.6226415094339622
27.40162489633488   7.686315467233258   1.0   0.6226415094339622
27.310048516320094   7.669665448321177   1.0   0.6226415094339622
27.164921790810666   7.668613734720248   1.0   0.6226415094339622
26.929970641517368   7.700952617140484   1.0   0.6226415094339622
26.56877661970711   7.786910198562702   1.0   0.6226415094339622
26.378403423030598   7.93467601498708   1.0   0.6226415094339622
26.141899098697042   7.910436668475885   1.0   0.6226415094339622
26.044177095610088   7.9203638934184415   1.0   0.6226415094339622
25.871941469688718   7.957318494614945   1.0   0.6226415094339622
25.595946554620102   8.023052346275273   1.0   0.6226415094339622
25.243703099284122   8.143878422337469   1.0   0.6226415094339622
24.871752174761063   8.241082191467466   1.0   0.6226415094339622
24.758674864508667   8.22871891127225   1.0   0.6226415094339622
24.64810505398749   8.224834664438712   1.0   0.6226415094339622
24.496698908589654   8.244859399923214   0.9   0.6226415094339622
24.135240469712286   8.304298402490563   0.9   0.6415094339622641
24.295897607479553   8.40130770690779   0.9   0.6415094339622641
24.006601746151308   8.33666736516685   0.9   0.6415094339622641
23.804291778082927   8.38202720123361   0.9   0.6415094339622641
23.58053440227012   8.43262860609723   0.9   0.6415094339622641
23.324312560257066   8.497808202158689   0.9   0.6226415094339622
23.05072158851334   8.566036291437843   0.9   0.6226415094339622
22.81089854887618   8.614728260779371   0.9   0.6226415094339622
22.63893758864913   8.668667501863474   0.9   0.6037735849056604
22.501809709475438   8.66610012174197   0.9   0.6037735849056604
22.325051634968208   8.684631833109634   0.9   0.6037735849056604
22.112115926136862   8.740272752655052   0.9   0.6037735849056604
21.95281276203083   8.839452330951389   1.0   0.6226415094339622
21.773021171344574   8.85757452584221   1.0   0.6226415094339622
21.65788486755249   8.881152589117843   1.0   0.6226415094339622
21.46172762187019   8.935157146878451   1.0   0.6226415094339622
21.225618036319673   8.998202309581835   1.0   0.6226415094339622
21.223224477414323   9.121747151486009   1.0   0.6226415094339622
21.088623757469737   9.04587162678047   1.0   0.6226415094339622
20.870465523181185   9.093994226597829   1.0   0.6226415094339622
20.66556482680345   9.133639508082384   1.0   0.6226415094339622
20.432919337465655   9.182802659181416   1.0   0.6226415094339622
20.29305881233397   9.263390050816554   1.0   0.6226415094339622
20.151566409981406   9.254349150529091   1.0   0.6226415094339622
20.060786269605668   9.262645909304783   1.0   0.6037735849056604
19.897964425770937   9.30670679840711   1.0   0.6037735849056604
19.671017102399734   9.39204853653957   1.0   0.6037735849056604
19.42097084960774   9.501768560416977   1.0   0.6037735849056604
19.288300839941765   9.543877453025079   1.0   0.6037735849056604
19.105342714703013   9.609446990611321   1.0   0.6226415094339622
18.932948321355468   9.675759083809373   1.0   0.6226415094339622
18.718663127921666   9.752776721828628   1.0   0.6226415094339622
18.552839842042367   9.798574340961572   1.0   0.6415094339622641
18.439087120529546   9.807409279408539   1.0   0.6415094339622641
18.336138981307535   9.806746961514829   1.0   0.6415094339622641
18.17025212612733   9.831966865378103   1.0   0.6226415094339622
18.007450953522355   9.888314770793523   1.0   0.6226415094339622
17.910889293184468   9.910445456497452   1.0   0.6226415094339622
17.73209373716318   9.97547933222106   1.0   0.6226415094339622
17.55507614694743   10.042893208548428   1.0   0.6226415094339622
17.279794672979314   10.17612900729112   1.0   0.6226415094339622
17.137581703783756   10.202535534054118   1.0   0.6226415094339622
17.060045788895057   10.207560818538688   1.0   0.6226415094339622
16.967009995958488   10.228064658787694   1.0   0.6226415094339622
16.759855546322683   10.309145757898621   1.0   0.6226415094339622
16.5641412686437   10.376123667600925   1.0   0.6226415094339622
16.433821279062908   10.416934479690134   1.0   0.6226415094339622
16.301212550232194   10.465943297618594   1.0   0.6226415094339622
16.182709611486302   10.49861234175844   1.0   0.6226415094339622
16.03968608220166   10.531954044007485   1.0   0.6226415094339622
15.851695541983252   10.590274013431383   1.0   0.6226415094339622
15.680357171469646   10.632137174286097   1.0   0.6226415094339622
15.615525072622834   10.628613645482663   1.0   0.6226415094339622
15.47557157875617   10.64448448981624   1.0   0.6226415094339622
15.376107120101096   10.695463591265923   1.0   0.6226415094339622
15.295554200221822   10.700487775352283   1.0   0.6226415094339622
15.203137338518749   10.720910915311617   1.0   0.6226415094339622
15.091226693288363   10.7516779067235   1.0   0.6226415094339622
14.928540232697955   10.787596392074486   1.0   0.6226415094339622
14.913281683424573   10.884003416812408   1.0   0.6226415094339622
14.818534645538767   10.826213483007283   1.0   0.6226415094339622
14.715744489742193   10.844495823132307   1.0   0.6226415094339622
14.635023941483713   10.858639603066774   1.0   0.6226415094339622
14.533007840875872   10.884413352037292   1.0   0.6226415094339622
14.433156546124465   10.90458721628262   1.0   0.6037735849056604
14.3253017408135   10.92951055743475   1.0   0.6037735849056604
14.215480717362256   10.966393416045488   1.0   0.6226415094339622
14.126346308046266   10.983524436763648   1.0   0.6226415094339622
14.037525637551486   11.001811626242407   1.0   0.6415094339622641
13.933877565054871   11.026914945299026   1.0   0.6415094339622641
13.8312947238435   11.06680099944587   1.0   0.6415094339622641
13.74842872551251   11.076173620009527   1.0   0.6415094339622641
13.657981561211836   11.08656658281448   1.0   0.6415094339622641
13.575480070337136   11.100421587925826   1.0   0.6415094339622641
13.49253919398193   11.131807549181953   1.0   0.6226415094339622
13.405844830862444   11.137388900830327   1.0   0.6226415094339622
13.34733810917641   11.143277583363284   1.0   0.6226415094339622
13.277245248797941   11.15514896915209   1.0   0.6415094339622641
13.211358837496379   11.178711148726688   1.0   0.6415094339622641
13.113048111943801   11.185233283676094   1.0   0.6415094339622641
13.054560321029808   11.191483206133494   1.0   0.6415094339622641
12.997542824964013   11.20004265975214   1.0   0.6415094339622641
12.900074363416659   11.21259806795766   1.0   0.6415094339622641
12.896096238232841   11.255998303003008   1.0   0.660377358490566
12.819739149605722   11.231109917842291   1.0   0.660377358490566
12.733366518135421   11.242933350259271   1.0   0.660377358490566
12.688798612606188   11.24658448145518   1.0   0.660377358490566
12.61610680768199   11.254428323017628   1.0   0.660377358490566
12.532452514946996   11.267116281971171   1.0   0.660377358490566
12.459407838667126   11.276508165296846   1.0   0.660377358490566
12.38124317381319   11.292114132251491   1.0   0.660377358490566
12.332863999375212   11.298136095512676   1.0   0.660377358490566
12.271574675423166   11.305475105928918   1.0   0.660377358490566
12.159698062345496   11.321360270644977   1.0   0.660377358490566
12.09022494182589   11.346319678590934   1.0   0.6415094339622641
12.041730699276908   11.341925655454748   1.0   0.660377358490566
11.997908758300694   11.341759208187987   1.0   0.660377358490566
11.940474566823397   11.347888903506185   1.0   0.660377358490566
11.884728026679824   11.367328542908886   1.0   0.6415094339622641
11.79943834110774   11.374828470264116   1.0   0.6226415094339622
11.754859046588816   11.381119585656748   1.0   0.6226415094339622
11.697702649022467   11.39123435513487   1.0   0.6226415094339622
11.634502715056813   11.407947856610223   1.0   0.6037735849056604
11.560217467201607   11.41455766020346   1.0   0.6037735849056604
11.496853798128221   11.418460815208922   1.0   0.6037735849056604
11.449385547556481   11.422328224302898   1.0   0.6037735849056604
11.408377594134416   11.434852993834042   1.0   0.6037735849056604
11.341844333865327   11.436123947709689   1.0   0.6037735849056604
11.298182374931308   11.440804494897018   1.0   0.6037735849056604
11.244625029878797   11.450588353932035   1.0   0.6226415094339622
11.164229782409182   11.464544900564954   1.0   0.6226415094339622
11.086974302236595   11.500038807050574   1.0   0.6226415094339622
11.025365877211398   11.494217753119448   1.0   0.6226415094339622
10.997695752098888   11.492003188437284   1.0   0.6226415094339622
10.943374952223056   11.497751972089663   1.0   0.6415094339622641
10.913513456455428   11.518402212460664   1.0   0.6415094339622641
10.820649791667034   11.524808179448083   1.0   0.6415094339622641
10.785159080187396   11.53238247895419   1.0   0.6415094339622641
10.729290621972208   11.547235461532331   1.0   0.6415094339622641
10.650200323642963   11.564086876672828   1.0   0.6415094339622641
10.592772167475443   11.604185505582642   1.0   0.6226415094339622
10.487419476438227   11.604378794426454   1.0   0.6226415094339622
10.459361765442997   11.600979766634534   1.0   0.6226415094339622
10.408091108376569   11.606090212085919   1.0   0.6415094339622641
10.372197889560438   11.62384093971608   1.0   0.6415094339622641
10.311942478464717   11.628994410670062   1.0   0.6415094339622641
10.26661343787388   11.639653765052831   1.0   0.6415094339622641
10.216454980181483   11.654567187572637   1.0   0.6415094339622641
10.149278241270583   11.671364905152746   1.0   0.660377358490566
10.076652568583963   11.701782234596543   1.0   0.660377358490566
10.034749480975718   11.698752519757653   1.0   0.660377358490566
10.004328068739676   11.69668660919867   1.0   0.660377358490566
9.9621824441263   11.702795609220821   1.0   0.660377358490566
9.907237069073384   11.730382223861067   1.0   0.6415094339622641
9.816330471931108   11.744922585744375   1.0   0.6415094339622641
9.7823912015804   11.753502118922635   1.0   0.6415094339622641
9.730816193586943   11.770027552980196   1.0   0.6226415094339622
9.669536777342318   11.788027778773682   1.0   0.6226415094339622
9.595295727467285   11.822807948994996   1.0   0.6226415094339622
9.555527341894678   11.817941655061812   1.0   0.6226415094339622
9.534013357015603   11.813595798272091   1.0   0.6226415094339622
9.503970793938057   11.815136978444102   1.0   0.6226415094339622
9.46289096256441   11.83747417692978   1.0   0.6226415094339622
9.38689330205364   11.84255878246839   1.0   0.6226415094339622
9.353268948789175   11.851850075984622   1.0   0.6226415094339622
9.311382575815786   11.867657408313834   1.0   0.6226415094339622
9.25947611055948   11.882471313567056   1.0   0.6226415094339622
9.16805880117024   11.913163077717414   1.0   0.6226415094339622
9.085024857932856   11.93878582687055   1.0   0.6226415094339622
9.065586311093874   11.930677306327565   1.0   0.6226415094339622
9.03867985248913   11.92212560754514   1.0   0.6226415094339622
9.00084072909779   11.935157135401187   1.0   0.6415094339622641
8.960294894495156   11.94090693445122   1.0   0.6415094339622641
8.892219903556363   11.965610836019094   1.0   0.6415094339622641
8.860652953603925   11.97725956010673   1.0   0.6415094339622641
8.787688253534295   12.008704429993173   1.0   0.6415094339622641
8.740529548329215   12.01763383829893   1.0   0.6415094339622641
8.717888908377194   12.011274519482807   1.0   0.6415094339622641
8.676922202670138   12.00850373290429   1.0   0.6415094339622641
8.642244137749707   12.009760731222594   1.0   0.6226415094339622
8.606292609307667   12.019554210252872   1.0   0.6226415094339622
8.536890652084157   12.050329709892587   1.0   0.6415094339622641
8.497077314723656   12.064265744014246   1.0   0.6415094339622641
8.479942157167175   12.060628901668554   1.0   0.6415094339622641
8.442027452175301   12.056731957671314   1.0   0.6415094339622641
8.41030039434441   12.06183605170795   1.0   0.6415094339622641
8.373483899738988   12.075193714891725   1.0   0.6415094339622641
8.308477769875438   12.083864266546087   1.0   0.6415094339622641
8.294680961355748   12.084175050836794   1.0   0.6415094339622641
8.257957467006435   12.088021664836363   1.0   0.6415094339622641
8.273807929084178   12.096045730742619   1.0   0.6226415094339622
8.233473359881286   12.091122653346922   1.0   0.6415094339622641
8.193292427474175   12.099592627292493   1.0   0.6226415094339622
8.147113148870858   12.11141896156532   1.0   0.6226415094339622
8.114805510474511   12.124407734893648   1.0   0.6226415094339622
8.08967996436115   12.127262996254359   1.0   0.6226415094339622
8.053978332374607   12.1330714012529   1.0   0.6415094339622641
8.02254826800654   12.141022382777173   1.0   0.6415094339622641
7.994279346827429   12.164702350285467   1.0   0.6415094339622641
7.945526521122079   12.167349017167016   1.0   0.6415094339622641
7.929090489620568   12.169687841358368   1.0   0.6415094339622641
7.898984602754223   12.17852183886237   1.0   0.6415094339622641
7.862546715550781   12.18738825971133   1.0   0.6415094339622641
7.825497748448107   12.228426027096866   1.0   0.6415094339622641
7.821802669922598   12.206163940828445   1.0   0.6415094339622641
7.774707005981982   12.219042643173664   1.0   0.6415094339622641
7.752186503614362   12.222489081908668   1.0   0.6415094339622641
7.716199746799588   12.23112516285168   1.0   0.6415094339622641
7.6911441569529   12.235845831537805   1.0   0.6415094339622641
7.666355535883824   12.240029156770278   1.0   0.6415094339622641
7.63011791813973   12.249462812605618   1.0   0.6415094339622641
7.6088198756114815   12.253624383514225   1.0   0.6415094339622641
7.577388575231868   12.265128045395064   1.0   0.6415094339622641
7.546265381512836   12.260420994246665   1.0   0.6415094339622641
7.53800261855861   12.257031072736343   1.0   0.6415094339622641
7.519100945039467   12.251305228348603   1.0   0.6415094339622641
7.497161670150292   12.247899060543185   1.0   0.6415094339622641
7.472965182745784   12.247035241522415   1.0   0.6415094339622641
7.451923228928345   12.249106380518377   1.0   0.6415094339622641
7.418609444670121   12.252963000538061   1.0   0.6415094339622641
7.4056639632403956   12.252407790736807   1.0   0.6415094339622641
7.383084438629561   12.250574597790592   1.0   0.6415094339622641
7.368378847418354   12.246290038449224   1.0   0.6415094339622641
7.35646670902111   12.24254345171434   1.0   0.6415094339622641
7.342881206328346   12.238097160622058   1.0   0.6415094339622641
7.318373435038156   12.236614041175015   1.0   0.660377358490566
7.300582595338184   12.237535670826457   1.0   0.6415094339622641
7.2806220502017265   12.23828453532658   1.0   0.660377358490566
7.2552604127811415   12.23809231136065   1.0   0.660377358490566
7.240903707480555   12.235002462678874   1.0   0.660377358490566
7.221096603995503   12.23386049932526   1.0   0.660377358490566
7.210660172322428   12.231481413054468   1.0   0.660377358490566
7.196958994868237   12.22868242090812   1.0   0.660377358490566
7.168225952212575   12.223466969603454   1.0   0.660377358490566
7.2014653691014745   12.217795889932104   1.0   0.660377358490566
7.154546103531448   12.220698038591177   1.0   0.660377358490566
7.134240612065056   12.219638223866298   1.0   0.660377358490566
7.116011076816399   12.219080392601116   1.0   0.660377358490566
7.098854433531448   12.217996617908888   1.0   0.660377358490566
7.08123997032271   12.214688434226337   1.0   0.660377358490566
7.064043762792338   12.21162885243695   1.0   0.6415094339622641
7.050770299839582   12.20732833502776   1.0   0.6415094339622641
7.040032175604067   12.202917289916886   1.0   0.6415094339622641
7.029453607237766   12.194846598320774   1.0   0.6415094339622641
7.008998482942888   12.191703204566913   1.0   0.6415094339622641
6.995800328373646   12.190754297674939   1.0   0.6415094339622641
6.983993063728836   12.188747605991354   1.0   0.6415094339622641
6.965378938950734   12.182354230009116   1.0   0.6415094339622641
6.957754496669912   12.17272621222515   1.0   0.660377358490566
6.939950055395271   12.171268724619093   1.0   0.660377358490566
6.929969213459178   12.168279359541039   1.0   0.660377358490566
6.920334669657673   12.163441603284463   1.0   0.660377358490566
6.919849392962204   12.150979366043266   1.0   0.6415094339622641
6.896221136645308   12.148169894992726   1.0   0.6415094339622641
6.886576032761674   12.146494506680977   1.0   0.6415094339622641
6.8772718613019475   12.142924998497502   1.0   0.6415094339622641
6.86286611443913   12.135637622722268   1.0   0.6415094339622641
6.869272628896192   12.120876034058465   1.0   0.6415094339622641
6.842731147687392   12.119658363397804   1.0   0.6415094339622641
6.834690161521507   12.118496528101414   1.0   0.6415094339622641
6.82438079316676   12.112802862992305   1.0   0.660377358490566
6.823278086272926   12.100969066553272   1.0   0.660377358490566
6.806658724603615   12.096151876046742   1.0   0.660377358490566
6.797668307318851   12.09082809640315   1.0   0.660377358490566
6.790433376925971   12.085130340011979   1.0   0.660377358490566
6.7767626436958714   12.074234925654213   1.0   0.660377358490566
6.803677337537513   12.055465047242578   1.0   0.6792452830188679
6.772239850980045   12.065534231873173   1.0   0.660377358490566
6.76307530196669   12.058329514512266   1.0   0.6792452830188679
6.755411110351676   12.052364802858083   1.0   0.660377358490566
6.749373012437572   12.04234289068549   1.0   0.660377358490566
6.73918572704721   12.035614887847485   1.0   0.660377358490566
6.72948052694868   12.029128568973022   1.0   0.660377358490566
6.723416411156196   12.02191948872886   1.0   0.660377358490566
6.715634742426865   12.015449636985831   1.0   0.660377358490566
6.707095791246516   12.008936040452005   1.0   0.660377358490566
6.701757679042628   11.997312938479176   1.0   0.660377358490566
6.694215992282691   11.989558614255941   1.0   0.660377358490566
6.686431942002633   11.985486639645677   1.0   0.660377358490566
6.678038312547405   11.973871919648701   1.0   0.6792452830188679
6.681808859582915   11.961692330223237   1.0   0.660377358490566
6.667755159769963   11.962019274328025   1.0   0.6792452830188679
6.6592607420899865   11.958145504327895   1.0   0.6792452830188679
6.65498910233887   11.950979091836086   1.0   0.6792452830188679
6.647130715115866   11.938513026948833   1.0   0.6792452830188679
6.712577618777089   11.909693915064224   1.0   0.6792452830188679
6.645765114581435   11.928956628998051   1.0   0.6792452830188679
6.64030477655518   11.9159143962729   1.0   0.6792452830188679
6.635763460010791   11.907844538961406   1.0   0.6792452830188679
6.634161444114836   11.895780061260787   1.0   0.6792452830188679
6.625724982364471   11.890876753227982   1.0   0.6792452830188679
6.617946566514902   11.886233383935991   1.0   0.6792452830188679
6.612095526847454   11.876842046001105   1.0   0.6792452830188679
6.619420039726976   11.860829323299344   1.0   0.660377358490566
6.610449951351465   11.854533144706958   1.0   0.660377358490566
6.606976636636611   11.849334133326504   1.0   0.6792452830188679
6.605239915767558   11.839566434328074   1.0   0.6792452830188679
6.600751074766879   11.825392913740323   1.0   0.6792452830188679
6.630385377589784   11.79400898570309   1.0   0.660377358490566
6.602185392003052   11.794709646165849   1.0   0.6792452830188679
6.594510573160641   11.794611198404894   1.0   0.6792452830188679
6.588347251026082   11.783415157078856   1.0   0.6792452830188679
6.597459259146863   11.76450569811007   1.0   0.6792452830188679
6.58852539652433   11.756213107815324   1.0   0.6981132075471698
6.58700933681816   11.746881084325707   1.0   0.6981132075471698
6.586626703776092   11.736751797552834   1.0   0.6792452830188679
6.589422689529422   11.721694371145354   1.0   0.6792452830188679
6.582296309624008   11.713555768299969   1.0   0.6792452830188679
6.573680120483549   11.709412677409142   1.0   0.6792452830188679
6.5684083033006875   11.703465917860782   1.0   0.6981132075471698
6.565443604805639   11.696274681644152   1.0   0.6981132075471698
6.560702749277191   11.690820122355214   1.0   0.6981132075471698
6.557422982282542   11.673713549622866   1.0   0.6792452830188679
6.563404443726589   11.660451102465846   1.0   0.6792452830188679
6.554986497313606   11.657623099214486   1.0   0.6792452830188679
6.549507636122009   11.65075402491264   1.0   0.6792452830188679
6.5478649643097935   11.643582618982999   1.0   0.6792452830188679
6.545241735440329   11.629461578996462   1.0   0.6792452830188679
6.576880651297079   11.602284738714093   1.0   0.6792452830188679
6.547487698069676   11.616851109144875   1.0   0.6792452830188679
6.542285282672135   11.609623821348944   1.0   0.6792452830188679
6.538250457190406   11.604083946174532   1.0   0.6792452830188679
6.533634445995146   11.598187490744007   1.0   0.6792452830188679
6.547801133673436   11.581674167000607   1.0   0.6981132075471698
6.528737913889561   11.581146102231866   1.0   0.6981132075471698
6.524452181906441   11.579082098347563   1.0   0.6981132075471698
6.522438269453804   11.572582306207336   1.0   0.6981132075471698
6.518627451767899   11.563363695356712   1.0   0.6792452830188679
6.5638069743806415   11.528554755671271   1.0   0.660377358490566
6.5239885241956515   11.548734605242986   1.0   0.6792452830188679
6.51856403484134   11.538120414013596   1.0   0.6792452830188679
6.5144768212525115   11.531443494109567   1.0   0.660377358490566
6.512062985279261   11.52108863722776   1.0   0.6792452830188679
6.513763059966792   11.510372059467507   1.0   0.6792452830188679
6.506958173735986   11.5069588520476   1.0   0.6792452830188679
6.502508468865393   11.499302952687417   1.0   0.6792452830188679
6.500673037944697   11.492479932161507   1.0   0.6792452830188679
6.512935837295045   11.472052271036207   1.0   0.6415094339622641
6.501060587701796   11.466509105403311   1.0   0.6415094339622641
6.495733020908334   11.466230502549962   1.0   0.6415094339622641
6.490734907448227   11.461519986669963   1.0   0.6415094339622641
6.488134604449797   11.452299715703056   1.0   0.6415094339622641
6.490545705530437   11.436328913461839   1.0   0.6415094339622641
6.487915120685393   11.427989550351427   1.0   0.6415094339622641
6.484642593580652   11.421850169683715   1.0   0.660377358490566
6.480868398125428   11.41812530225977   1.0   0.660377358490566
6.4764808444545725   11.409508952709137   1.0   0.660377358490566
6.482953563436616   11.395782676267252   1.0   0.6415094339622641
6.473040236299426   11.394381103768085   1.0   0.6415094339622641
6.468660340118208   11.391767854626993   1.0   0.6415094339622641
6.465109516126684   11.386247851931461   1.0   0.660377358490566
6.463806105717413   11.374870617229107   1.0   0.660377358490566
6.467935486034753   11.361084174396897   1.0   0.6792452830188679
6.458898264938394   11.361151980036423   1.0   0.6792452830188679
6.4531538336706715   11.359896303878164   1.0   0.660377358490566
6.449249591157015   11.35659732945306   1.0   0.660377358490566
6.447632754686991   11.345987440853929   1.0   0.660377358490566
6.44507827644316   11.336231066554742   1.0   0.660377358490566
6.440645939659211   11.333587412238487   1.0   0.660377358490566
6.434916927847409   11.326428028236537   1.0   0.660377358490566
6.436072251200693   11.319114665865179   1.0   0.660377358490566
6.429783415171734   11.31572981608789   1.0   0.660377358490566
6.425106643107317   11.310057827313328   1.0   0.660377358490566
6.422888144122747   11.305924274936277   1.0   0.660377358490566
6.424343067541738   11.296309298474997   1.0   0.660377358490566
6.417041493563191   11.29362305886548   1.0   0.660377358490566
6.4124020838812905   11.291752245196815   1.0   0.660377358490566
6.408874323068558   11.287701421331498   1.0   0.660377358490566
6.407146142512616   11.278017860918624   1.0   0.6415094339622641
6.402685583277497   11.270501100166957   1.0   0.6415094339622641
6.398793668280719   11.267696443319878   1.0   0.6415094339622641
6.395215505433081   11.263841327038616   1.0   0.6415094339622641
6.392099199451188   11.258934323422833   1.0   0.6415094339622641
6.388157199740757   11.25131411947099   1.0   0.6415094339622641
6.382898378709862   11.245513641896334   1.0   0.6415094339622641
6.378843062901411   11.239973430623849   1.0   0.6415094339622641
6.373687797622064   11.237751818254651   1.0   0.6415094339622641
6.36841050992263   11.234848657630135   1.0   0.6415094339622641
6.3661482013545685   11.229239565374524   0.9   0.6415094339622641
6.360364411552706   11.22687987649195   0.9   0.6415094339622641
6.356373754785837   11.224253322321491   0.9   0.6415094339622641
6.352344530999122   11.22096777716982   0.9   0.6415094339622641
6.3545149724177135   11.215731127312239   0.9   0.6415094339622641
6.3442508254702705   11.214408344027035   0.9   0.6415094339622641
6.339591841265405   11.213579626852027   0.9   0.6415094339622641
6.3345543231839265   11.211670815301623   0.9   0.6415094339622641
6.328156161239538   11.208853640283255   0.9   0.6415094339622641
6.344521541447252   11.201727649501422   0.9   0.6415094339622641
6.32506916691999   11.205961070536837   0.9   0.6415094339622641
6.3175822332567915   11.202267968511087   0.9   0.6415094339622641
6.312096164124833   11.199860630180197   0.9   0.6415094339622641
6.306621767391567   11.196052361014221   0.9   0.6415094339622641
6.302599120780581   11.193440982260043   0.9   0.6415094339622641
6.297208933160324   11.19269321392866   0.9   0.6415094339622641
6.289493933027557   11.19029116868079   0.9   0.6415094339622641
6.285944584430328   11.188122498892083   0.9   0.660377358490566
6.280615324781146   11.18553856383461   0.9   0.660377358490566
6.274546424940239   11.1823095964586   0.9   0.660377358490566
6.267983274881839   11.180480709815669   0.9   0.660377358490566
6.263165318210919   11.179960828706708   0.9   0.660377358490566
6.257758436677117   11.17897010290836   0.9   0.660377358490566
6.251674311706435   11.17753369843518   0.9   0.660377358490566
6.243973933303288   11.175692379316114   0.9   0.660377358490566
6.23828926744882   11.174447135871445   0.9   0.660377358490566
6.233077821476213   11.174093623382397   0.9   0.660377358490566
6.2263130844141665   11.173419646325442   0.9   0.660377358490566
6.220618163222761   11.172083001978283   0.9   0.660377358490566
6.21468374304555   11.17098571463567   0.9   0.660377358490566
6.2102481712799324   11.170250225938604   0.9   0.660377358490566
6.205477555824294   11.169266191154117   0.9   0.660377358490566
6.201042447460154   11.16791486238738   0.9   0.660377358490566
6.194714286308778   11.166779519644074   0.9   0.660377358490566
6.188224552365859   11.165730865729788   0.9   0.660377358490566
6.185381960074153   11.164481111692542   0.9   0.660377358490566
6.180139297950582   11.164313087946967   0.9   0.660377358490566
6.175599766363962   11.163654176896639   0.9   0.660377358490566
6.1719898320123   11.162568707219584   0.9   0.660377358490566
6.165154078602207   11.160604840770679   0.9   0.660377358490566
6.18347541367769   11.15641229313615   0.9   0.6415094339622641
6.161739914831774   11.159101223226468   0.9   0.660377358490566
6.155181026537362   11.157189413720173   0.9   0.660377358490566
6.15104339615436   11.155973145845973   0.9   0.660377358490566
6.146222626714023   11.15466852667984   0.9   0.660377358490566
6.140949177535584   11.153451048244783   0.9   0.660377358490566
6.139186761868964   11.150636720597852   0.8   0.660377358490566
6.131088399318401   11.149958801835705   0.8   0.660377358490566
6.127930412737707   11.149499629558367   0.8   0.660377358490566
6.122496611279652   11.147802065528293   0.8   0.660377358490566
6.12085299766646   11.144790890381483   0.8   0.6415094339622641
6.112616256057886   11.143556719090302   0.8   0.6415094339622641
6.1086783285862385   11.14264427392034   0.8   0.6415094339622641
6.105133022246067   11.141347847224264   0.8   0.6415094339622641
6.100453623953695   11.139191953218921   0.8   0.6415094339622641
6.094320158681312   11.13714788605095   0.8   0.6415094339622641
6.088847816924923   11.135893987705831   0.8   0.6415094339622641
6.085833991505422   11.133993494053406   0.9   0.6415094339622641
6.080473193191867   11.133524938459704   0.9   0.6415094339622641
6.076556600637096   11.132860039042594   0.9   0.6415094339622641
6.071306877344743   11.131029259997435   0.9   0.6415094339622641
6.066266664522415   11.128753514161033   0.9   0.6415094339622641
6.064642132244328   11.124914169429697   0.9   0.6415094339622641
6.057351742141528   11.124698759595205   0.9   0.6415094339622641
6.053465851859491   11.124337214445582   0.9   0.6415094339622641
6.049303334474397   11.122985820823128   0.9   0.6415094339622641
6.0523657485988425   11.119509043440688   0.9   0.6415094339622641
6.040838457729635   11.11926333411467   0.9   0.6415094339622641
6.037796523791463   11.11861841678406   0.9   0.6415094339622641
6.034595094901384   11.117213248865895   0.9   0.6415094339622641
6.029525789709468   11.11521510540667   0.9   0.6415094339622641
6.037474249604638   11.110487187378828   0.8   0.6415094339622641
6.026643733251171   11.113052829708689   0.9   0.6415094339622641
6.020965743590832   11.110548516018849   0.8   0.6415094339622641
6.01746329808904   11.10923932830227   0.7   0.6415094339622641
6.013078172288106   11.106514110748181   0.7   0.6415094339622641
6.010328936668045   11.104192234566625   0.7   0.6415094339622641
6.006386784777658   11.103420778936611   0.7   0.6415094339622641
6.001425222686733   11.101336663592479   0.7   0.6415094339622641
5.999195070333223   11.099592458417344   0.7   0.6415094339622641
5.995683020015848   11.097418619875935   0.7   0.6415094339622641
5.994338127883379   11.0927937610952   0.8   0.6415094339622641
5.986726558344558   11.091619149841048   0.8   0.6415094339622641
5.983099166183905   11.091123531577622   0.8   0.6415094339622641
5.978089650048222   11.08915877050416   0.8   0.6415094339622641
5.977733647480137   11.085746910941431   0.8   0.6415094339622641
5.970700474016375   11.084639927072613   0.8   0.6415094339622641
5.966999945818404   11.08343451193641   0.8   0.6415094339622641
5.964062403227707   11.081878671569793   0.8   0.6415094339622641
5.962094734487644   11.079389403687504   0.8   0.6226415094339622
5.95681502100516   11.078259556578203   0.8   0.6226415094339622
5.952700357321982   11.077021940904363   0.8   0.6226415094339622
5.9497360304456635   11.075816433471594   0.8   0.6226415094339622
5.9479812341032865   11.073211843323733   0.8   0.6226415094339622
5.941834198725213   11.072055410268288   0.8   0.6226415094339622
5.937761634223147   11.071194122741408   0.8   0.6226415094339622
5.93434948924265   11.070076657854251   0.8   0.6226415094339622
5.928878889793263   11.068287022744766   0.8   0.6226415094339622
5.938918218580237   11.064499070767305   0.8   0.6226415094339622
5.925990259893572   11.066546092604902   0.8   0.6226415094339622
5.920778552005877   11.064990282543299   0.8   0.6226415094339622
5.917404518394942   11.063976967184479   0.8   0.6226415094339622
5.9123925163542586   11.062141402948725   0.8   0.6226415094339622
5.913866175130119   11.0598218840933   0.8   0.6226415094339622
5.905946374295668   11.059923055260526   0.8   0.6226415094339622
5.902994198551833   11.05970886013083   0.8   0.6226415094339622
5.899385954332021   11.058829979384836   0.8   0.6226415094339622
5.89513733399203   11.057423992152053   0.8   0.6226415094339622
5.8927992900413475   11.055319289018428   0.8   0.6226415094339622
5.887760289305009   11.054965771586563   0.8   0.6226415094339622
5.884769265963226   11.054468927287644   0.8   0.6226415094339622
5.88171322243183   11.053635652790325   0.8   0.6226415094339622
5.876985371302439   11.051536989409314   0.8   0.6226415094339622
5.872870800192919   11.049844631908078   0.8   0.6226415094339622
5.869309394318565   11.049810441208013   0.8   0.6226415094339622
5.865067578043893   11.049223806306056   0.8   0.6226415094339622
5.861910610450427   11.048328105488668   0.8   0.6226415094339622
5.858078516660274   11.046425234789957   0.8   0.6226415094339622
5.854404244874247   11.045074705223296   0.8   0.6226415094339622
5.851055538757713   11.044036555535675   0.8   0.6037735849056604
5.848114766203976   11.042987743198672   0.8   0.6037735849056604
5.844832975138426   11.041356643738531   0.8   0.6037735849056604
5.840703415626658   11.039803766439942   0.8   0.6226415094339622
5.8368420353169705   11.038845576396987   0.8   0.6226415094339622
5.833197473660139   11.037801121290945   0.8   0.6226415094339622
5.829966987736405   11.03707613485357   0.8   0.6037735849056604
5.826809331481499   11.035878932419397   0.8   0.6037735849056604
5.824100058846174   11.034412307520396   0.8   0.6037735849056604
5.820672886576449   11.03284106616324   0.8   0.6037735849056604
5.8168386013093905   11.030720938247864   0.8   0.6037735849056604
5.8143364769969486   11.029325691800128   0.7   0.6037735849056604
5.81163955708551   11.028969512330857   0.7   0.6037735849056604
5.806364614924361   11.027149316016962   0.7   0.6037735849056604
5.806905945137985   11.024955684906043   0.7   0.6037735849056604
5.802377216096502   11.024880191709144   0.7   0.6037735849056604
5.800855541837071   11.024272163804156   0.7   0.6037735849056604
5.798943193716718   11.022940290312299   0.7   0.6037735849056604
5.795285740179755   11.020552619467928   0.7   0.6037735849056604
5.799435049360208   11.016076538408285   0.7   0.6037735849056604
5.789762179124461   11.016132532897176   0.7   0.6037735849056604
5.787552011764219   11.015965656591419   0.7   0.6037735849056604
5.785404504306122   11.014914342830112   0.7   0.6037735849056604
5.782954639027021   11.013019340793015   0.7   0.6037735849056604
5.788756163801975   11.008186000836513   0.8   0.6226415094339622
5.781806051785149   11.010628648543882   0.7   0.6037735849056604
5.778356287131254   11.008152355086725   0.8   0.6226415094339622
5.775889391087608   11.006387958036733   0.8   0.6226415094339622
5.7733379187616185   11.004290794660662   0.8   0.6226415094339622
5.773398239260022   11.001156720852594   0.8   0.6226415094339622
5.76884777629631   11.000397290737915   0.8   0.6226415094339622
5.765853357585077   10.9992465350423   0.8   0.6415094339622641
5.764115113313699   10.997691934674721   0.8   0.6415094339622641
5.762743334056898   10.99449170112742   0.7   0.6415094339622641
5.759936226747575   10.991867809188824   0.7   0.6415094339622641
5.7576628895247355   10.990635335344127   0.7   0.6226415094339622
5.75568190077592   10.988695793045046   0.7   0.6226415094339622
5.753716096070526   10.986792103651432   0.7   0.6037735849056604
5.751255076903383   10.984986766588849   0.7   0.6037735849056604
5.749585472943585   10.981178384972804   0.7   0.6226415094339622
5.748332417450054   10.978762974968536   0.7   0.6226415094339622
5.745284261017791   10.978911015943051   0.7   0.6037735849056604
5.7423274432939415   10.977915247809019   0.7   0.6037735849056604
5.7408394575785   10.976205807334882   0.7   0.6037735849056604
5.7391573654784604   10.971902687004281   0.7   0.6037735849056604
5.737273312868273   10.968180361020806   0.7   0.6037735849056604
5.734735956020797   10.967813667099097   0.7   0.6037735849056604
5.731998726804628   10.96635227340731   0.7   0.6037735849056604
5.731047213749569   10.96422567108026   0.7   0.6037735849056604
5.728840901161994   10.962834649629325   0.7   0.6037735849056604
5.7269592797391145   10.95880965077907   0.7   0.6037735849056604
5.726231747912008   10.957114490856728   0.7   0.6037735849056604
5.724063556295955   10.95696702646449   0.7   0.6037735849056604
5.7199748826336565   10.954748078541304   0.7   0.6037735849056604
5.718760797128312   10.95310669979841   0.7   0.6037735849056604
5.718517547969767   10.947857636933964   0.7   0.6226415094339622
5.714324166551495   10.945349305727342   0.7   0.6226415094339622
5.711568006723746   10.945387970970412   0.7   0.6226415094339622
5.709546846706358   10.9446226243097   0.7   0.6226415094339622
5.708207524374259   10.941976158610238   0.7   0.6226415094339622
5.70719229689835   10.938444596019478   0.7   0.6226415094339622
5.705647633110808   10.936814050129808   0.7   0.6226415094339622
5.704093354078546   10.93527936217368   0.7   0.6415094339622641
5.702104980248635   10.932987786979163   0.7   0.6226415094339622
5.702383006840884   10.928888742138987   0.7   0.6226415094339622
5.698685375864516   10.927999432225672   0.7   0.6415094339622641
5.696678890838594   10.92685396084843   0.7   0.6415094339622641
5.695472535793868   10.925014537604032   0.7   0.6415094339622641
5.697290379689305   10.920569529386182   0.7   0.6415094339622641
5.693067801501738   10.91953821222323   0.7   0.6415094339622641
5.6913735827570875   10.918748533395288   0.7   0.6415094339622641
5.6900545472442134   10.917510807390343   0.7   0.6415094339622641
5.6882884727186855   10.91501592690113   0.7   0.6415094339622641
5.688562876943906   10.910993398740143   0.7   0.6415094339622641
5.685914720831069   10.9102786058609   0.7   0.6415094339622641
5.684084045464997   10.908995939445594   0.7   0.6415094339622641
5.682824707842589   10.906933531141126   0.7   0.6415094339622641
5.689016342284725   10.901110864463341   0.7   0.660377358490566
5.682540097765119   10.904048130750756   0.7   0.6415094339622641