
161.35984183049993   3.463966566512102e-6   0.2   0.07547169811320754
253.18854749043908   0.006708235949129371   0.2   0.07547169811320754
154.81239797733795   0.00019411552034248207   0.2   0.07547169811320754
154.1213730071945   0.00030951859530833155   0.2   0.07547169811320754
153.81185430739248   0.00044643409225325137   0.2   0.07547169811320754
153.55878170047018   0.0005965767195690045   0.2   0.07547169811320754
153.04203456240003   0.0010773390116084584   0.2   0.07547169811320754
152.12709940296295   0.004442029990648662   0.2   0.07547169811320754
150.9265673137215   0.00840806011785795   0.1   0.09433962264150944
149.7912858668286   0.01388683500007079   0.1   0.09433962264150944
147.97024496330584   0.02629294454708692   0.0   0.09433962264150944
146.97126152134024   0.04509533783538154   0.0   0.11320754716981132
145.73966696040796   0.053667746809955695   0.0   0.1320754716981132
144.86127367146292   0.056889885317767515   0.0   0.1320754716981132
143.77570089558648   0.06526037008038504   0.0   0.18867924528301888
140.00862965987395   0.11076367455597635   0.0   0.3584905660377358
136.03858177310406   0.16907853320094496   0.2   0.3584905660377358
132.32601842034498   0.24109301870409644   0.4   0.37735849056603776
130.0336163150545   0.29005226774891124   0.5   0.41509433962264153
127.75501441840517   0.3929218861837602   0.6   0.39622641509433965
125.99873786338237   0.5342795928744213   0.8   0.4339622641509434
125.12448940899426   0.5590393856079474   0.8   0.4339622641509434
124.54138113889977   0.5975358006409097   0.7   0.4528301886792453
123.11438252650015   0.6859739176961697   0.7   0.49056603773584906
121.02123372412909   0.8189450085961765   0.8   0.4716981132075472
120.23389060393698   1.2102290563139197   0.7   0.5283018867924528
117.0628668527554   1.1965964790777368   0.7   0.5283018867924528
116.22412947516278   1.1851314294223332   0.7   0.5283018867924528
115.60214021992023   1.2179733468705674   0.7   0.5283018867924528
115.0342444989306   1.2615934216430271   0.7   0.5283018867924528
114.55236518691379   1.3304019322830174   0.7   0.5283018867924528
114.13035898168793   1.3527129107309026   0.7   0.5094339622641509
113.47650312202737   1.3804197689085715   0.5   0.5094339622641509
112.77092165954454   1.3943125461797932   0.5   0.49056603773584906
111.43457338327724   1.516347239521185   0.4   0.5094339622641509
110.33006343304449   1.6854346440830548   0.4   0.5094339622641509
109.56772893715303   1.7373453226013655   0.4   0.5094339622641509
109.32188658966916   1.7140374816061814   0.4   0.5094339622641509
109.16439644759183   1.7168454341921149   0.4   0.5094339622641509
108.88878806337271   1.713894659617287   0.4   0.5094339622641509
108.23649713107856   1.7007742729972857   0.4   0.5094339622641509
107.42145378907686   1.705806401790692   0.4   0.5471698113207547
107.31320960936101   1.6697709847337325   0.5   0.49056603773584906
106.52495579207994   1.6840473775196312   0.4   0.5283018867924528
106.39365246031745   1.685592012845382   0.4   0.5283018867924528
106.25691419145025   1.6996756895836   0.4   0.5283018867924528
106.06426458460179   1.7166548148602843   0.4   0.5094339622641509
105.6744639493875   1.7645131517408141   0.5   0.49056603773584906
105.08793040766895   1.827143657261155   0.5   0.4716981132075472
104.53624047510371   1.889072058666957   0.5   0.4528301886792453
104.29032965600516   1.8996248899551593   0.5   0.4339622641509434
104.13612611532461   1.8839610989954978   0.5   0.4528301886792453
103.77080934912362   1.852187254131711   0.5   0.4528301886792453
103.56600646346453   1.8515551331743731   0.5   0.4339622641509434
103.29157941658849   1.8653708597987575   0.5   0.4339622641509434
103.120532796472   1.8938171725303004   0.6   0.4339622641509434
103.01445925803228   1.9014378475763984   0.6   0.41509433962264153
102.79415254876014   1.9224912561847267   0.6   0.4339622641509434
102.43119856244317   1.938043096676728   0.6   0.4716981132075472
101.94649557984486   1.9611294864947404   0.6   0.4716981132075472
101.51789479479545   1.974469857762414   0.6   0.49056603773584906
101.42742947239178   1.9780574618275786   0.6   0.49056603773584906
101.328279074308   1.9714720717547518   0.6   0.49056603773584906
101.25632263413   1.9716335326204906   0.6   0.49056603773584906
101.01278269411932   1.9803312376557378   0.6   0.49056603773584906
100.59191389589525   2.01216664316267   0.6   0.49056603773584906
99.97894123336152   2.0707634811861273   0.6   0.49056603773584906
100.6342286283172   2.167060549864455   0.5   0.5283018867924528
99.73573623218492   2.100514341310961   0.6   0.5094339622641509
99.3406151250601   2.1093602112519703   0.6   0.5283018867924528
99.06985494488825   2.1074598238636337   0.6   0.5283018867924528
98.90607184739812   2.114554844252466   0.6   0.5283018867924528
98.39862590588058   2.137861807895245   0.6   0.5283018867924528
97.74138039793539   2.1829808872789367   0.5   0.5094339622641509
97.22313775062224   2.209852656908297   0.4   0.49056603773584906
96.7841757186415   2.1841435676172343   0.6   0.5094339622641509
96.52555274835261   2.1960584004960704   0.6   0.5094339622641509
96.19786180766509   2.214885471136229   0.5   0.49056603773584906
95.72118494275792   2.2486229242665945   0.4   0.5094339622641509
95.70123790946276   2.2735663243116733   0.4   0.5094339622641509
95.46557464412183   2.2607420263159703   0.4   0.5094339622641509
95.17241327948473   2.25517191065985   0.4   0.5094339622641509
94.95978654362897   2.2509929669441204   0.4   0.5094339622641509
94.74766912554716   2.252260674955269   0.4   0.5094339622641509
94.3721604593964   2.2585015137168973   0.4   0.49056603773584906
94.0793962707834   2.262957976510498   0.4   0.5094339622641509
93.82564432007763   2.2778564599999562   0.4   0.5094339622641509
93.6763356706698   2.289250468964855   0.4   0.5094339622641509
93.44560162046184   2.309819681921171   0.4   0.5094339622641509
93.28537795027727   2.3253666270511135   0.4   0.5094339622641509
93.08619401792267   2.323978878975649   0.4   0.49056603773584906
92.93847049711158   2.317385849870297   0.4   0.5094339622641509
92.8105302624295   2.3139909952646027   0.4   0.5094339622641509
92.5954466687258   2.308229368575723   0.4   0.5094339622641509
92.37180695629927   2.30522627271158   0.4   0.49056603773584906
92.24739959301523   2.3069751695592293   0.4   0.49056603773584906
92.04328646765575   2.3178979619702798   0.4   0.49056603773584906
91.88561244575335   2.326948144840253   0.4   0.49056603773584906
91.67366683836197   2.3335614222603347   0.3   0.4716981132075472
91.44031282678301   2.3449016385211787   0.3   0.4716981132075472
91.30773371016441   2.3424311761786702   0.3   0.4716981132075472
91.2024866290949   2.3418502868287865   0.3   0.4716981132075472
91.06043296244829   2.344648072864045   0.3   0.4716981132075472
90.94834708261267   2.3497609123697973   0.4   0.4716981132075472
90.79599484981209   2.3568213614786613   0.4   0.4528301886792453
90.59580638415677   2.3634778405081294   0.4   0.4716981132075472
90.41092443659136   2.369072528657602   0.5   0.4716981132075472
90.25229541123396   2.3632166857182266   0.5   0.4716981132075472
90.16799945724311   2.359702364931164   0.5   0.4716981132075472
89.97070798007927   2.3521761455254704   0.5   0.4716981132075472
89.78827870427797   2.3518641603497237   0.5   0.4716981132075472
89.59063700702724   2.3513667019682973   0.5   0.4716981132075472
89.48882137064534   2.3540818812018625   0.5   0.4528301886792453
89.38864737084256   2.358733797863984   0.6   0.4528301886792453
89.26570959060437   2.3631928849027357   0.6   0.4528301886792453
89.05754645893461   2.368200065068499   0.7   0.4339622641509434
88.93104439706072   2.367213474752253   0.7   0.4339622641509434
88.78841455307348   2.363451162681742   0.7   0.4339622641509434
88.71577623263451   2.3581103039816464   0.7   0.4339622641509434
88.62325926978099   2.3551419004145506   0.7   0.4339622641509434
88.46022289841964   2.35050563187544   0.7   0.4339622641509434
88.32012994045996   2.3559310843733106   0.7   0.4339622641509434
88.2400193705097   2.357959530979567   0.7   0.41509433962264153
88.1740022671276   2.362195207383963   0.7   0.41509433962264153