
161.36021566744975   8.584475657031954e-7   0.2   0.07547169811320754
155.67153073034436   0.0015379145807231309   0.2   0.07547169811320754
154.65871561036997   0.001248077922548841   0.2   0.07547169811320754
154.50467939605738   0.0013256650870567827   0.2   0.07547169811320754
154.30703987515997   0.0016257533246068906   0.2   0.07547169811320754
154.1106853038926   0.002074977089759007   0.2   0.09433962264150944
153.41880491228298   0.00471329083600078   0.0   0.11320754716981132
150.88678595217843   0.0312493623379436   0.1   0.1320754716981132
161.96529113316564   0.5114557064313403   0.8   0.33962264150943394
148.80787847098128   0.08904238172029494   0.5   0.3018867924528302
146.73595165612295   0.1646483054772747   0.7   0.3584905660377358
144.46484775299533   0.25624465253504514   0.8   0.37735849056603776
140.36209784771674   0.2634072909550108   0.8   0.37735849056603776
134.03030055667148   0.33934415016675495   0.8   0.39622641509433965
129.16207885707408   0.5783221272359916   0.8   0.37735849056603776
125.42385109778857   0.7898411671709   0.8   0.37735849056603776
122.31878131997874   0.6205070890604211   0.8   0.3584905660377358
119.81283931981237   0.7297573075231626   0.9   0.4339622641509434
117.46774262465834   0.9309946563624755   0.9   0.41509433962264153
116.60938204849133   0.9510759132155375   0.9   0.4339622641509434
114.98839640386878   0.9652530699445319   0.8   0.4339622641509434
112.28224825806402   1.0742732263535497   0.4   0.41509433962264153
112.10848605701055   1.1428176972581756   0.2   0.4339622641509434
110.08976743669709   1.095983013043035   0.2   0.4339622641509434
109.24998798685277   1.0408312636520944   0.2   0.4339622641509434
108.67783166856482   1.0546711587045459   0.2   0.4528301886792453
108.11420474834843   1.1104426642463838   0.2   0.4528301886792453
107.54894454141463   1.1451343960222424   0.2   0.4528301886792453
106.61425274241391   1.234582583577167   0.2   0.4716981132075472
105.64709610101966   1.26408613102698   0.2   0.41509433962264153
104.99306291910949   1.3094764803934673   0.2   0.41509433962264153
104.42357350222942   1.2309075865668722   0.2   0.41509433962264153
104.09332791052937   1.1778075756236537   0.2   0.41509433962264153
103.75279890405842   1.1506596949040842   0.2   0.41509433962264153
103.23405636843918   1.171339985843594   0.2   0.4339622641509434
102.86605970157706   1.2232226882216337   0.2   0.4339622641509434
102.30769717851109   1.2681205355775482   0.2   0.4339622641509434
102.04120143810653   1.2796211280899503   0.2   0.4339622641509434
101.7244069849988   1.3046030571857057   0.2   0.4339622641509434
101.16707431766602   1.3163334567236564   0.2   0.4339622641509434
100.71948777113148   1.3992782356127493   0.2   0.4339622641509434
99.99523335757637   1.3551341984996927   0.2   0.4339622641509434
99.52576315577036   1.3312002624885926   0.2   0.4339622641509434
99.15896469518879   1.3473819387076549   0.3   0.4528301886792453
98.47886454287347   1.3574773216637015   0.2   0.4339622641509434
97.9985573305775   1.3686012352220158   0.2   0.4528301886792453
97.60842943066667   1.3985784707692526   0.2   0.4339622641509434
97.40042928426459   1.3913844794240473   0.2   0.4528301886792453
97.05803766245641   1.401852895944513   0.2   0.4528301886792453
96.52202088184903   1.4035221555175412   0.2   0.4528301886792453
96.22498023099892   1.3670251038577823   0.2   0.4528301886792453
95.85589651449648   1.3572859753415278   0.2   0.4528301886792453
95.5325941813524   1.3630136518745335   0.2   0.4528301886792453
95.24052239615452   1.3591160168752388   0.2   0.4528301886792453
94.82342287326674   1.3515803280771743   0.2   0.49056603773584906
94.48654187483355   1.3499647334749292   0.2   0.4716981132075472
94.16349503304545   1.3421489936486846   0.2   0.4716981132075472
93.79605218104243   1.3238205508398622   0.2   0.4716981132075472
93.55231073998833   1.3408378545338202   0.2   0.4716981132075472
93.23852253275314   1.3109337400361176   0.2   0.4716981132075472
92.98260842909393   1.318142640554877   0.2   0.49056603773584906
92.7663921526326   1.3005944527881663   0.2   0.49056603773584906
92.41388554406113   1.2994113217316803   0.2   0.4716981132075472
92.2082018549382   1.2661997133276377   0.2   0.4528301886792453
91.96157968539082   1.2800880068756626   0.2   0.4528301886792453
91.80758477570072   1.286360889196807   0.2   0.4528301886792453
91.59118189862374   1.2865143176518994   0.2   0.4528301886792453
91.32475712496075   1.2698571521511675   0.2   0.4528301886792453
91.11633823844427   1.250943646847489   0.2   0.4528301886792453
90.92398668038365   1.2225215089889294   0.2   0.4528301886792453
90.7645047778194   1.2009823804015927   0.2   0.4716981132075472
90.6260418373004   1.199322409573245   0.2   0.4528301886792453
90.47153440680862   1.1999049642420407   0.2   0.4716981132075472
90.32418090138184   1.1953633042663094   0.2   0.4528301886792453
90.19010900687223   1.1937704740733783   0.2   0.4339622641509434
90.03196703235338   1.1842342641776256   0.2   0.4339622641509434
89.91862434643771   1.1706068340718767   0.2   0.4528301886792453
89.83645567815995   1.1648078796242256   0.2   0.4528301886792453
89.7013321883222   1.1500100821375423   0.2   0.4528301886792453
89.5928555329066   1.1492381535241254   0.2   0.4528301886792453
89.50088270072187   1.1436148803721768   0.2   0.4528301886792453
89.38157840637295   1.137781973715058   0.2   0.4528301886792453
89.27808388967905   1.1104495974879693   0.2   0.4339622641509434
89.1593420128464   1.106851107644856   0.2   0.4339622641509434
89.06407059861338   1.101041300369154   0.2   0.41509433962264153
88.98103256299315   1.0987843473556413   0.2   0.41509433962264153
88.86249896854798   1.100837181139171   0.2   0.41509433962264153
88.71824686740158   1.1082922590918174   0.2   0.37735849056603776
88.61898935829234   1.1100818598523066   0.2   0.37735849056603776
88.53953058432063   1.111705445520429   0.2   0.37735849056603776
88.44892366026069   1.1118967535924429   0.2   0.37735849056603776
88.33989336256744   1.1075883704561034   0.2   0.37735849056603776
88.2072108606365   1.1147816820491414   0.2   0.37735849056603776
88.10941404575868   1.1101503007652977   0.2   0.37735849056603776
88.00241906796423   1.1214909986735258   0.2   0.37735849056603776
87.91558682377182   1.1205877594227953   0.2   0.37735849056603776
87.81478325387528   1.1268858964962851   0.2   0.3584905660377358
87.70726081162671   1.1356867936387491   0.2   0.33962264150943394
87.60669682101627   1.135426933921297   0.2   0.33962264150943394
87.48293145463346   1.1478975116332184   0.2   0.33962264150943394
87.42524807890325   1.1320276998837673   0.2   0.3584905660377358
87.30093456058603   1.1492223899960572   0.2   0.3584905660377358
87.18000231002578   1.1601222053295999   0.2   0.3584905660377358
87.05271294144735   1.175553576643703   0.2   0.3584905660377358
86.88458977794714   1.1864043195110154   0.2   0.3584905660377358
86.75472602886464   1.2124468231900403   0.2   0.33962264150943394
86.64242359336689   1.1942287654979575   0.2   0.33962264150943394
86.55740609666394   1.1983670902230232   0.2   0.33962264150943394
86.51171812320625   1.1809209924311974   0.2   0.33962264150943394