1 2 1.270334
1 3 2.845927
1 4 3.041460
1 5 6.658407
1 6 10.214468
1 7 10.123831
1 8 15.088084
1 9 15.517793
1 10 21.831889
1 11 22.952497
1 12 23.508248
1 13 25.417513
1 14 26.781429
1 15 24.396417
1 16 21.166334
1 17 24.719685
1 18 23.639609
1 19 21.159526
1 20 15.653209
1 21 11.806626
1 22 5.257236
1 23 5.464324
1 24 3.040793
1 25 3.179555
1 26 3.267265
1 27 4.667392
1 28 6.983533
1 29 6.974905
1 30 7.724902
1 31 4.499444
1 32 9.202321
1 33 6.185147
1 34 12.784658
1 35 10.757579
1 36 9.295748
1 37 3.299050
1 38 7.260836
1 39 10.593237
1 40 10.328593
1 41 4.082136
1 42 10.072927
1 43 11.172805
1 44 9.388934
1 45 12.768172
1 46 10.670949
1 47 7.901308
1 48 10.277362
1 49 11.825430
1 50 7.528668
1 51 12.629382
1 52 15.102245
1 53 13.528385
1 54 15.191966
1 55 11.544064
1 56 15.349074
1 57 16.167749
1 58 22.349564
1 59 24.428721
1 60 28.071218
1 61 27.162500
1 62 28.477546
1 63 23.060480
1 64 25.753598
1 65 25.882731
1 66 24.815298
1 67 23.135606
1 68 16.000015
1 69 17.385408
1 70 12.000966
1 71 15.699974
1 72 11.964495
1 73 16.780508
1 74 16.293574
1 75 21.404379
1 76 20.605900
1 77 22.047021
1 78 20.386998
1 79 22.076665
1 80 21.960421
1 81 21.523268
1 82 20.730724
1 83 14.065923
1 84 16.450575
1 85 11.938189
1 86 13.113183
1 87 13.548534
1 88 10.347422
1 89 14.609594
1 90 13.033570
1 91 9.055365
1 92 11.507991
1 93 11.095601
1 94 8.839742
1 95 6.358053
1 96 7.016391
1 97 7.952548
1 98 5.727471
1 99 3.427931
1 100 5.154000
1 101 6.520490
1 102 3.317072
1 103 2.588046
1 104 12.176125
2 3 1.299865
2 4 2.403403
2 5 6.953600
2 6 10.261480
2 7 9.710368
2 8 15.090284
2 9 12.609947
2 10 20.870785
2 11 21.537648
2 12 21.881494
2 13 22.112962
2 14 21.301028
2 15 20.793534
2 16 23.244553
2 17 24.674900
2 18 22.854177
2 19 20.956898
2 20 14.777730
2 21 11.833150
2 22 5.149775
2 23 6.233723
2 24 3.128674
2 25 2.373910
2 26 2.621179
2 27 2.876717
2 28 4.602422
2 29 5.783519
2 30 3.900288
2 31 6.187776
2 32 8.429087
2 33 7.192319
2 34 12.377867
2 35 9.761078
2 36 9.439841
2 37 7.367068
2 38 8.550136
2 39 3.083311
2 40 7.602324
2 41 7.981559
2 42 5.254508
2 43 8.374130
2 44 7.390154
2 45 11.532234
2 46 8.035971
2 47 6.073845
2 48 9.076989
2 49 10.032499
2 50 5.388209
2 51 9.934800
2 52 11.557035
2 53 9.378299
2 54 12.819425
2 55 10.514568
2 56 11.244825
2 57 12.693182
2 58 12.459136
2 59 10.478409
2 60 14.868759
2 61 16.784625
2 62 15.826873
2 63 16.546647
2 64 15.702117
2 65 20.685337
2 66 20.452005
2 67 16.532252
2 68 14.646339
2 69 12.615818
2 70 11.238509
2 71 14.294794
2 72 11.042379
2 73 14.619236
2 74 10.856022
2 75 13.242095
2 76 15.657946
2 77 14.897607
2 78 14.932279
2 79 21.717922
2 80 21.197978
2 81 17.986921
2 82 17.683119
2 83 12.290402
2 84 14.936391
2 85 10.153756
2 86 11.474672
2 87 11.377911
2 88 8.398480
2 89 13.284744
2 90 12.707075
2 91 8.496380
2 92 8.492751
2 93 10.166101
2 94 8.589020
2 95 4.401674
2 96 5.764281
2 97 7.554455
2 98 5.157927
2 99 2.610152
2 100 4.938880
2 101 6.530345
2 102 3.338911
2 103 3.129442
2 104 6.034172
2 105 7.595257
3 4 1.287084
3 5 4.028744
3 6 5.977544
3 7 6.199773
3 8 10.104635
3 9 5.010384
3 10 11.704139
3 11 11.843372
3 12 13.562774
3 13 16.930608
3 14 15.639720
3 15 11.311157
3 16 21.967920
3 17 21.651387
3 18 13.951790
3 19 12.600996
3 20 9.974119
3 21 8.741252
3 22 5.341146
3 23 3.066172
3 24 2.396839
3 25 2.483979
3 26 3.530773
3 27 4.946434
3 28 7.371283
3 29 6.774566
3 30 5.109052
3 31 5.403740
3 32 6.054827
3 33 7.523509
3 34 9.626456
3 35 8.421839
3 36 8.333288
3 37 7.570165
3 38 7.637682
3 39 7.997852
3 40 8.335201
3 41 6.785912
3 42 7.894309
3 43 8.907095
3 44 8.309117
3 45 11.124775
3 46 10.120359
3 47 8.292844
3 48 9.707217
3 49 8.869412
3 50 5.785493
3 51 10.687851
3 52 11.584322
3 53 8.151713
3 54 12.644429
3 55 7.776083
3 56 9.414741
3 57 10.690346
3 58 9.148684
3 59 11.288272
3 60 12.221998
3 61 13.179050
3 62 12.259144
3 63 13.616488
3 64 10.942829
3 65 14.336947
3 66 13.295494
3 67 11.732428
3 68 10.052215
3 69 9.360033
3 70 6.632173
3 71 11.400002
3 72 7.803751
3 73 13.510134
3 74 10.719576
3 75 11.811269
3 76 16.098939
3 77 15.205156
3 78 16.189423
3 79 21.384491
3 80 20.982899
3 81 15.306917
3 82 12.972622
3 83 9.126817
3 84 9.504239
3 85 6.144086
3 86 6.549993
3 87 5.295722
3 88 3.481540
3 89 7.126031
3 90 6.958425
3 91 2.797013
3 92 2.531841
3 93 4.929366
3 94 5.767953
3 95 2.242878
3 96 2.854193
3 97 5.596865
3 98 5.327934
3 99 2.186324
3 100 3.745716
3 101 6.409927
3 102 5.719020
3 103 4.924744
3 104 9.801664
3 105 11.645141
4 5 1.269802
4 6 4.540940
4 7 5.919686
4 8 9.662101
4 9 6.722590
4 10 12.751330
4 11 13.232179
4 12 15.315084
4 13 18.524503
4 14 16.584860
4 15 12.038812
4 16 18.369913
4 17 17.170351
4 18 13.252156
4 19 12.224578
4 20 8.891708
4 21 7.324907
4 22 2.228459
4 23 2.847608
4 24 2.532655
4 25 4.221183
4 26 2.771219
4 27 8.315262
4 28 9.824415
4 29 8.184300
4 30 6.741044
4 31 6.332229
4 32 7.476375
4 33 4.750342
4 34 7.863242
4 35 5.262787
4 36 2.439742
4 37 2.999966
4 38 3.161976
4 39 2.725757
4 40 5.286632
4 41 2.387725
4 42 2.964163
4 43 7.899955
4 44 7.336965
4 45 9.708782
4 46 10.861068
4 47 7.044939
4 48 11.424822
4 49 11.021335
4 50 10.001610
4 51 12.774748
4 52 15.166330
4 53 11.587814
4 54 15.330458
4 55 12.565777
4 56 13.111347
4 57 14.601171
4 58 11.929889
4 59 14.204720
4 60 16.279607
4 61 14.238514
4 62 13.546569
4 63 9.667008
4 64 13.300425
4 65 13.243113
4 66 10.173226
4 67 13.751136
4 68 10.241443
4 69 10.804846
4 70 9.531450
4 71 13.540485
4 72 10.498712
4 73 15.913612
4 74 12.319432
4 75 13.830278
4 76 18.031649
4 77 16.878852
4 78 17.452577
4 79 21.407998
4 80 20.125861
4 81 17.440899
4 82 14.334435
4 83 10.671064
4 84 10.845992
4 85 8.273277
4 86 9.508811
4 87 7.672212
4 88 6.135231
4 89 8.616134
4 90 11.139053
4 91 8.511528
4 92 3.979549
4 93 8.358488
4 94 9.798115
4 95 4.559546
4 96 2.926604
4 97 9.525285
4 98 9.685072
4 99 5.818445
4 100 7.029538
4 101 11.490865
4 102 8.761480
4 103 8.102231
4 104 13.274703
4 105 14.957449
5 6 1.285832
5 7 2.874310
5 8 6.113860
5 9 6.757411
5 10 10.167214
5 11 11.208203
5 12 12.399931
5 13 15.510803
5 14 14.118012
5 15 9.768469
5 16 15.447862
5 17 13.359412
5 18 9.779524
5 19 8.442755
5 20 6.062178
5 21 3.459107
5 22 2.557051
5 23 2.601293
5 24 4.643299
5 25 5.851453
5 26 7.491128
5 27 11.139532
5 28 12.988791
5 29 10.113347
5 30 6.569692
5 31 6.496055
5 32 6.273942
5 33 6.189917
5 34 6.705018
5 35 6.304164
5 36 5.797446
5 37 7.084971
5 38 6.514480
5 39 7.310990
5 40 6.591243
5 41 6.104225
5 42 6.800582
5 43 9.711531
5 44 8.207551
5 45 9.731421
5 46 9.365905
5 47 9.555407
5 48 10.399058
5 49 12.558305
5 50 9.143725
5 51 12.745008
5 52 15.310644
5 53 11.998498
5 54 14.933876
5 55 12.195808
5 56 12.603912
5 57 14.038884
5 58 12.240919
5 59 14.224695
5 60 15.429783
5 61 11.919379
5 62 11.488686
5 63 7.677585
5 64 10.634202
5 65 10.239688
5 66 7.022698
5 67 9.887372
5 68 6.907448
5 69 8.820435
5 70 7.157593
5 71 13.162335
5 72 9.201685
5 73 12.809716
5 74 11.468511
5 75 12.575502
5 76 16.577075
5 77 17.414528
5 78 13.377310
5 79 20.899309
5 80 14.892381
5 81 15.753746
5 82 11.127835
5 83 8.742681
5 84 9.076704
5 85 6.669981
5 86 6.794996
5 87 5.985848
5 88 3.614839
5 89 6.226631
5 90 8.633667
5 91 6.594001
5 92 3.073566
5 93 6.691334
5 94 9.119619
5 95 5.595694
5 96 2.572229
5 97 9.176074
5 98 11.136785
5 99 7.647383
5 100 7.410067
5 101 13.171401
5 102 11.861188
5 103 10.916742
5 104 14.586707
5 105 20.175007
6 7 1.301520
6 8 3.260776
6 9 6.723521
6 10 9.749365
6 11 10.117197
6 12 11.182394
6 13 14.075911
6 14 12.337036
6 15 10.103794
6 16 11.467337
6 17 9.389345
6 18 5.516670
6 19 6.232784
6 20 2.674191
6 21 2.917237
6 22 2.698143
6 23 3.989171
6 24 6.464930
6 25 8.765381
6 26 10.810242
6 27 14.461306
6 28 15.250833
6 29 12.406990
6 30 8.038645
6 31 7.756720
6 32 5.217462
6 33 4.196514
6 34 3.085284
6 35 2.440714
6 36 2.815247
6 37 3.728680
6 38 3.873165
6 39 3.249840
6 40 3.539528
6 41 4.437482
6 42 5.683295
6 43 9.106845
6 44 10.124259
6 45 7.029234
6 46 9.150795
6 47 10.583923
6 48 11.206669
6 49 14.610469
6 50 10.178433
6 51 14.014095
6 52 13.311835
6 53 13.259633
6 54 13.819046
6 55 11.372949
6 56 12.881643
6 57 12.730544
6 58 12.269371
6 59 13.536737
6 60 13.868405
6 61 7.602925
6 62 8.115861
6 63 4.098991
6 64 6.690290
6 65 6.967029
6 66 3.049289
6 67 8.284507
6 68 3.512226
6 69 7.800960
6 70 6.715223
6 71 10.407369
6 72 7.933026
6 73 11.123478
6 74 11.877874
6 75 10.555673
6 76 16.901542
6 77 19.086696
6 78 11.137293
6 79 14.795645
6 80 14.999038
6 81 13.913354
6 82 10.708621
6 83 10.091910
6 84 8.323205
6 85 6.190959
6 86 3.971926
6 87 3.337417
6 88 2.896450
6 89 5.716586
6 90 9.144723
6 91 8.852826
6 92 2.947858
6 93 5.878402
6 94 9.315816
6 95 7.972152
6 96 3.387846
6 97 9.684332
6 98 12.223331
6 99 10.004807
6 100 8.368229
6 101 13.736660
6 102 14.695188
6 103 13.905483
6 104 16.265336
6 105 22.158242
7 8 1.290429
7 9 2.681358
7 10 3.491725
7 11 6.863671
7 12 7.258275
7 13 10.124636
7 14 9.128390
7 15 5.087015
7 16 6.978505
7 17 3.149886
7 18 3.175843
7 19 2.760341
7 20 2.983625
7 21 2.261457
7 22 4.088790
7 23 2.808774
7 24 3.558070
7 25 3.484759
7 26 3.855167
7 27 5.061610
7 28 7.370038
7 29 7.600695
7 30 3.571717
7 31 5.933958
7 32 3.582760
7 33 4.777709
7 34 3.721460
7 35 5.346480
7 36 6.619597
7 37 6.795586
7 38 6.597752
7 39 9.394732
7 40 5.422778
7 41 8.923937
7 42 9.284506
7 43 9.424656
7 44 9.491296
7 45 3.978473
7 46 4.699798
7 47 3.873984
7 48 5.359731
7 49 10.288123
7 50 6.887101
7 51 9.966400
7 52 10.050760
7 53 8.713275
7 54 10.419149
7 55 7.855964
7 56 7.914516
7 57 9.304900
7 58 7.955335
7 59 9.122724
7 60 9.292932
7 61 7.841123
7 62 9.175004
7 63 7.361444
7 64 7.538416
7 65 7.084381
7 66 3.724291
7 67 6.351241
7 68 3.656945
7 69 4.675149
7 70 3.487684
7 71 7.251607
7 72 4.079928
7 73 7.139764
7 74 6.743984
7 75 7.209773
7 76 10.832675
7 77 12.790736
7 78 8.552616
7 79 11.594002
7 80 11.900192
7 81 8.771434
7 82 6.651982
7 83 3.529995
7 84 3.098957
7 85 2.799299
7 86 2.638462
7 87 2.906301
7 88 3.570587
7 89 5.988133
7 90 7.630116
7 91 7.748494
7 92 3.003238
7 93 2.992935
7 94 7.314543
7 95 7.170244
7 96 2.888468
7 97 6.041363
7 98 8.827253
7 99 7.898540
7 100 3.638986
7 101 9.730220
7 102 9.287226
7 103 7.525754
7 104 11.384512
7 105 21.068355
8 9 1.297543
8 10 3.075671
8 11 5.814114
8 12 3.942057
8 13 7.073962
8 14 3.503549
8 15 3.412066
8 16 2.862926
8 17 2.726956
8 18 2.879798
8 19 2.802968
8 20 2.178498
8 21 3.997930
8 22 6.227007
8 23 4.111326
8 24 5.870035
8 25 2.848563
8 26 3.619185
8 27 3.261656
8 28 6.006345
8 29 6.092049
8 30 7.849533
8 31 8.085056
8 32 5.359734
8 33 8.387900
8 34 7.192647
8 35 6.476387
8 36 7.156768
8 37 7.798520
8 38 7.534291
8 39 11.279692
8 40 6.288333
8 41 10.006253
8 42 11.644014
8 43 8.900040
8 44 10.910126
8 45 8.274766
8 46 8.390786
8 47 7.370875
8 48 7.913817
8 49 10.589713
8 50 5.296979
8 51 9.509033
8 52 11.569795
8 53 8.873880
8 54 10.593787
8 55 10.304651
8 56 9.270314
8 57 8.957046
8 58 3.717944
8 59 6.521269
8 60 3.793751
8 61 2.790453
8 62 3.742790
8 63 2.755086
8 64 2.401950
8 65 2.673387
8 66 3.075132
8 67 3.067121
8 68 2.593161
8 69 3.719900
8 70 5.229933
8 71 5.770983
8 72 6.035200
8 73 4.142342
8 74 4.392186
8 75 3.763179
8 76 8.161569
8 77 11.229580
8 78 6.474585
8 79 3.799811
8 80 11.348726
8 81 3.515173
8 82 4.369663
8 83 3.082556
8 84 2.701307
8 85 2.877175
8 86 2.281650
8 87 2.825840
8 88 2.396492
8 89 6.216355
8 90 9.580879
8 91 11.247120
8 92 5.474993
8 93 5.095266
8 94 10.387188
8 95 8.770531
8 96 6.362184
8 97 9.913867
8 98 8.050527
8 99 3.494147
8 100 6.553553
8 101 8.443020
8 102 6.142876
8 103 3.645401
8 104 7.297667
8 105 22.946966
9 10 1.294604
9 11 2.567163
9 12 2.274123
9 13 3.282491
9 14 3.334633
9 15 2.987484
9 16 1.326832
9 17 2.679668
9 18 2.775053
9 19 2.473413
9 20 3.654295
9 21 2.747858
9 22 5.550740
9 23 2.636023
9 24 3.380153
9 25 2.724293
9 26 4.224677
9 27 6.094008
9 28 8.316636
9 29 6.779270
9 30 4.439809
9 31 4.114950
9 32 2.758595
9 33 2.798824
9 34 3.741838
9 35 2.925485
9 36 5.783426
9 37 7.499791
9 38 3.051727
9 39 5.566258
9 40 7.944412
9 41 4.153673
9 42 8.027702
9 43 4.820621
9 44 6.567123
9 45 2.786735
9 46 3.144010
9 47 3.493465
9 48 3.846168
9 49 8.945269
9 50 3.871320
9 51 8.261531
9 52 9.460875
9 53 6.711681
9 54 9.535240
9 55 10.088082
9 56 9.830384
9 57 10.134233
9 58 6.682498
9 59 7.421172
9 60 6.293646
9 61 6.729667
9 62 8.641855
9 63 6.997486
9 64 6.471331
9 65 6.280481
9 66 5.523599
9 67 5.982649
9 68 6.588682
9 69 5.328818
9 70 4.958337
9 71 7.381481
9 72 5.366539
9 73 2.978899
9 74 5.626863
9 75 4.795017
9 76 8.479045
9 77 7.928559
9 78 2.635814
9 79 3.401535
9 80 2.581121
9 81 2.882752
9 82 3.488517
9 83 2.921926
9 84 2.688584
9 85 2.985967
9 86 4.174853
9 87 5.051441
9 88 6.684884
9 89 9.004150
9 90 10.329373
9 91 7.439469
9 92 4.688638
9 93 6.852154
9 94 6.717935
9 95 3.010839
9 96 3.023232
9 97 6.457361
9 98 4.960746
9 99 3.240530
9 100 4.088672
9 101 9.135190
9 102 7.026486
9 103 6.076718
9 104 8.882044
9 105 21.091531
10 11 1.305553
10 12 2.670262
10 13 2.893165
10 14 2.574817
10 15 2.673249
10 16 2.699097
10 17 2.608843
10 18 2.595126
10 19 3.239497
10 20 6.412228
10 21 3.651388
10 22 3.570516
10 23 3.025791
10 24 4.041750
10 25 4.675146
10 26 7.147357
10 27 9.730897
10 28 11.957194
10 29 9.291777
10 30 7.433983
10 31 7.395882
10 32 5.677366
10 33 7.663982
10 34 7.819070
10 35 6.920987
10 36 8.811621
10 37 12.189085
10 38 8.289071
10 39 9.555169
10 40 11.764293
10 41 9.325686
10 42 8.765881
10 43 6.980620
10 44 9.605532
10 45 8.279263
10 46 5.309853
10 47 6.730397
10 48 6.866534
10 49 10.168741
10 50 5.189059
10 51 9.325176
10 52 11.839399
10 53 8.037398
10 54 9.664850
10 55 10.719758
10 56 6.976536
10 57 6.603896
10 58 2.713764
10 59 2.841495
10 60 3.789898
10 61 4.258436
10 62 3.142364
10 63 2.694378
10 64 3.325889
10 65 2.549268
10 66 3.618537
10 67 3.099301
10 68 4.527722
10 69 3.150684
10 70 5.969154
10 71 3.899781
10 72 6.126357
10 73 2.728064
10 74 2.729822
10 75 4.493549
10 76 6.571065
10 77 9.181922
10 78 3.616829
10 79 3.004045
10 80 4.803420
10 81 2.943428
10 82 2.703393
10 83 2.631506
10 84 2.430222
10 85 2.886339
10 86 3.130435
10 87 3.828981
10 88 7.204635
10 89 10.458691
10 90 11.810290
10 91 12.380546
10 92 7.223110
10 93 6.984360
10 94 12.885836
10 95 9.118505
10 96 4.136150
10 97 11.387636
10 98 10.989133
10 99 7.067013
10 100 9.387292
10 101 12.598693
10 102 10.667178
10 103 9.187575
10 104 12.421568
10 105 22.823450
11 12 1.288514
11 13 2.367136
11 14 2.471989
11 15 2.235547
11 16 3.050658
11 17 2.300506
11 18 3.248731
11 19 2.669266
11 20 5.946484
11 21 3.607639
11 22 3.239447
11 23 2.667499
11 24 5.015399
11 25 5.987639
11 26 8.888526
11 27 11.006772
11 28 12.454477
11 29 10.126174
11 30 5.830061
11 31 6.547482
11 32 3.153485
11 33 6.043848
11 34 4.143540
11 35 5.721875
11 36 8.280633
11 37 11.049218
11 38 6.386516
11 39 8.927038
11 40 12.295879
11 41 8.841581
11 42 9.661484
11 43 4.572500
11 44 8.019732
11 45 5.518513
11 46 3.558234
11 47 6.904122
11 48 4.581037
11 49 7.766692
11 50 5.391164
11 51 10.092129
11 52 11.421295
11 53 6.728894
11 54 11.290699
11 55 11.515355
11 56 8.780247
11 57 9.467725
11 58 6.799583
11 59 6.623155
11 60 8.407622
11 61 7.631325
11 62 7.235998
11 63 3.399390
11 64 7.111859
11 65 5.354281
11 66 6.976660
11 67 6.985175
11 68 9.091871
11 69 6.070388
11 70 7.212175
11 71 5.992145
11 72 6.823365
11 73 4.592517
11 74 5.831556
11 75 7.167558
11 76 9.871201
11 77 8.666602
11 78 3.358964
11 79 3.289769
11 80 5.741207
11 81 2.598679
11 82 2.495527
11 83 3.360749
11 84 2.789904
11 85 5.437852
11 86 6.553192
11 87 8.146805
11 88 7.646872
11 89 10.236101
11 90 13.545409
11 91 12.028303
11 92 5.607259
11 93 10.151323
11 94 12.537177
11 95 9.589048
11 96 3.779608
11 97 11.174255
11 98 11.871027
11 99 9.010985
11 100 9.774500
11 101 13.918552
11 102 13.415541
11 103 11.849175
11 104 14.223467
11 105 22.070700
12 13 1.290772
12 14 1.330591
12 15 2.504915
12 16 2.657920
12 17 2.683205
12 18 2.965134
12 19 2.978337
12 20 2.709081
12 21 2.788579
12 22 3.218250
12 23 4.265537
12 24 7.052197
12 25 8.900353
12 26 9.853619
12 27 11.295686
12 28 12.344136
12 29 10.695350
12 30 6.697111
12 31 6.934086
12 32 2.794258
12 33 6.470449
12 34 5.474351
12 35 6.179289
12 36 8.245165
12 37 10.900589
12 38 5.326540
12 39 6.313686
12 40 9.728116
12 41 10.661494
12 42 10.446700
12 43 5.553539
12 44 8.151925
12 45 4.186228
12 46 3.911877
12 47 5.641187
12 48 2.798412
12 49 6.941813
12 50 3.524497
12 51 7.107739
12 52 8.316776
12 53 6.734080
12 54 8.845782
12 55 10.066279
12 56 5.276853
12 57 6.805119
12 58 6.314863
12 59 5.667531
12 60 7.057512
12 61 8.062670
12 62 3.488814
12 63 4.171779
12 64 6.079512
12 65 3.781884
12 66 3.891562
12 67 6.593125
12 68 7.661374
12 69 6.681215
12 70 6.918015
12 71 2.861154
12 72 5.743917
12 73 3.203218
12 74 2.219763
12 75 4.289288
12 76 7.231067
12 77 6.610727
12 78 3.437510
12 79 2.497083
12 80 3.303306
12 81 2.599099
12 82 2.575234
12 83 2.763790
12 84 3.062086
12 85 6.120839
12 86 4.934656
12 87 5.323615
12 88 4.717274
12 89 7.367614
12 90 10.832607
12 91 10.458866
12 92 3.785880
12 93 8.566643
12 94 11.120210
12 95 9.655044
12 96 4.837560
12 97 11.249891
12 98 13.369453
12 99 11.218465
12 100 10.798135
12 101 14.874274
12 102 16.155310
12 103 14.939449
12 104 13.875377
12 105 22.415741
13 14 1.301278
13 15 2.345914
13 16 2.772931
13 17 1.327707
13 18 3.348230
13 19 3.138944
13 20 3.470661
13 21 2.735032
13 22 4.813525
13 23 3.506359
13 24 6.768478
13 25 8.561568
13 26 11.512480
13 27 13.946302
13 28 15.013131
13 29 11.736465
13 30 7.059675
13 31 6.982033
13 32 4.040094
13 33 6.786386
13 34 6.644679
13 35 6.505813
13 36 8.829091
13 37 9.552895
13 38 6.609974
13 39 7.580173
13 40 9.618896
13 41 8.944472
13 42 12.193778
13 43 8.377509
13 44 10.519600
13 45 6.718977
13 46 5.213431
13 47 7.230626
13 48 6.111195
13 49 9.772554
13 50 8.772595
13 51 11.916603
13 52 10.465559
13 53 7.249765
13 54 11.355161
13 55 11.117963
13 56 9.342740
13 57 10.386948
13 58 5.645301
13 59 8.892400
13 60 6.521610
13 61 4.608636
13 62 3.854987
13 63 4.993405
13 64 6.182224
13 65 3.196803
13 66 3.456870
13 67 5.174440
13 68 5.582387
13 69 3.091614
13 70 9.250144
13 71 5.558879
13 72 7.122198
13 73 6.024024
13 74 4.066578
13 75 5.806052
13 76 6.527816
13 77 6.608123
13 78 3.068347
13 79 3.451483
13 80 3.033400
13 81 2.798939
13 82 2.874464
13 83 3.413682
13 84 3.686879
13 85 3.271133
13 86 3.501287
13 87 3.617341
13 88 4.625178
13 89 7.138228
13 90 9.943009
13 91 9.607706
13 92 4.280127
13 93 7.036834
13 94 9.189740
13 95 8.735034
13 96 3.657655
13 97 8.824424
13 98 11.299127
13 99 9.538853
13 100 7.803761
13 101 12.944962
13 102 15.119185
13 103 13.713832
13 104 14.457106
13 105 21.841656
14 15 0.417713
14 16 1.329223
14 17 1.315920
14 18 1.349259
14 19 2.614968
14 20 3.337883
14 21 3.751524
14 22 6.874102
14 23 6.633259
14 24 10.038860
14 25 12.431430
14 26 13.682062
14 27 16.135029
14 28 13.707483
14 29 11.193567
14 30 9.290546
14 31 10.015365
14 32 4.510898
14 33 8.694938
14 34 6.692936
14 35 7.939477
14 36 7.572027
14 37 12.007233
14 38 6.772456
14 39 8.431188
14 40 9.388768
14 41 7.149439
14 42 11.153403
14 43 9.391851
14 44 9.213789
14 45 6.145703
14 46 4.112029
14 47 4.087019
14 48 4.363711
14 49 7.568355
14 50 9.992220
14 51 11.345101
14 52 6.995879
14 53 6.806872
14 54 12.429904
14 55 12.171532
14 56 11.389439
14 57 10.733885
14 58 5.576743
14 59 9.606321
14 60 8.946356
14 61 7.184526
14 62 4.898378
14 63 4.829285
14 64 3.860508
14 65 5.213924
14 66 3.356405
14 67 4.199186
14 68 7.290579
14 69 3.725706
14 70 6.939829
14 71 8.170472
14 72 9.212645
14 73 6.992130
14 74 2.936292
14 75 7.129629
14 76 6.968642
14 77 6.649716
14 78 3.381763
14 79 2.995499
14 80 2.673422
14 81 3.505118
14 82 3.634462
14 83 5.629639
14 84 2.859701
14 85 3.236363
14 86 2.582569
14 87 4.852500
14 88 4.688772
14 89 7.145175
14 90 9.511663
14 91 11.814810
14 92 6.248234
14 93 9.326907
14 94 12.261238
14 95 12.549929
14 96 7.716069
14 97 11.753533
14 98 14.795967
14 99 13.607538
14 100 10.568819
14 101 15.850836
14 102 20.981286
14 103 15.576953
14 104 16.763210
14 105 21.980249
15 16 1.287738
15 17 1.305091
15 18 2.664290
15 19 2.612355
15 20 4.879927
15 21 3.530825
15 22 5.329108
15 23 3.130718
15 24 7.241143
15 25 9.203858
15 26 9.954705
15 27 12.853572
15 28 11.641601
15 29 12.505245
15 30 7.091633
15 31 6.821187
15 32 3.609651
15 33 5.280078
15 34 3.006946
15 35 7.123254
15 36 6.166116
15 37 8.212698
15 38 5.957176
15 39 4.029951
15 40 5.165179
15 41 3.740581
15 42 7.955713
15 43 6.842270
15 44 6.597705
15 45 4.105273
15 46 3.216913
15 47 4.407304
15 48 3.451011
15 49 6.664344
15 50 7.523693
15 51 10.473992
15 52 12.150390
15 53 7.120045
15 54 12.327666
15 55 11.620946
15 56 8.898410
15 57 5.702320
15 58 2.775351
15 59 4.026084
15 60 3.343620
15 61 2.746990
15 62 2.687979
15 63 3.406176
15 64 4.870408
15 65 2.747152
15 66 3.563502
15 67 3.608658
15 68 3.627768
15 69 6.441238
15 70 7.500116
15 71 6.208180
15 72 9.524228
15 73 6.362337
15 74 3.277206
15 75 7.040805
15 76 10.514505
15 77 9.540705
15 78 3.019034
15 79 3.725063
15 80 3.098041
15 81 2.754245
15 82 5.109249
15 83 3.456644
15 84 3.143401
15 85 3.416044
15 86 4.204277
15 87 6.947710
15 88 5.743497
15 89 10.453704
15 90 13.180626
15 91 15.470211
15 92 10.672563
15 93 11.543384
15 94 14.069289
15 95 14.233672
15 96 9.561540
15 97 12.440656
15 98 15.076013
15 99 13.915156
15 100 8.081759
15 101 14.988500
15 102 21.217476
15 103 12.560955
15 104 16.237127
15 105 22.123381
16 17 1.314740
16 18 2.716462
16 19 3.778091
16 20 2.610707
16 21 3.112489
16 22 3.624827
16 23 3.763890
16 24 6.516983
16 25 8.243615
16 26 11.088843
16 27 13.338006
16 28 14.955255
16 29 12.258135
16 30 7.878653
16 31 8.274713
16 32 3.672285
16 33 6.885103
16 34 5.834931
16 35 6.683888
16 36 9.098077
16 37 13.358544
16 38 11.363565
16 39 8.394808
16 40 8.060651
16 41 3.498463
16 42 5.070581
16 43 6.056540
16 44 3.267155
16 45 3.099970
16 46 3.763414
16 47 6.923974
16 48 8.835224
16 49 11.680733
16 50 10.344750
16 51 13.821460
16 52 12.041229
16 53 10.947992
16 54 12.348784
16 55 10.937628
16 56 10.531901
16 57 9.748329
16 58 7.019008
16 59 8.536519
16 60 8.731571
16 61 6.866714
16 62 3.733570
16 63 2.984884
16 64 2.622759
16 65 2.946410
16 66 4.400673
16 67 5.518114
16 68 7.615992
16 69 7.410601
16 70 6.802079
16 71 6.574053
16 72 9.763146
16 73 7.263102
16 74 7.069016
16 75 7.877856
16 76 6.678440
16 77 8.675319
16 78 3.262810
16 79 2.947697
16 80 2.829112
16 81 3.983227
16 82 5.672811
16 83 4.357601
16 84 2.915624
16 85 4.773228
16 86 3.394472
16 87 4.071072
16 88 2.611695
16 89 6.675122
16 90 9.207588
16 91 8.264482
16 92 3.198989
16 93 6.602448
16 94 9.072179
16 95 7.702230
16 96 2.742292
16 97 9.332049
16 98 11.678021
16 99 10.259972
16 100 10.230667
16 101 14.703593
16 102 15.389003
16 103 15.320010
16 104 16.360411
16 105 22.564154
17 18 1.288090
17 19 1.500806
17 20 5.107732
17 21 3.665363
17 22 9.091330
17 23 7.645839
17 24 9.440195
17 25 14.944257
17 26 16.811700
17 27 20.834436
17 28 23.253803
17 29 17.314417
17 30 11.833137
17 31 11.305163
17 32 7.412998
17 33 8.794485
17 34 3.818962
17 35 4.673974
17 36 6.595379
17 37 12.019710
17 38 8.057552
17 39 8.735028
17 40 8.454994
17 41 5.782835
17 42 7.251582
17 43 5.597416
17 44 4.922182
17 45 6.611563
17 46 5.371475
17 47 11.164547
17 48 10.080710
17 49 14.019752
17 50 9.771835
17 51 14.067558
17 52 16.894436
17 53 13.138497
17 54 15.211279
17 55 15.212499
17 56 13.374809
17 57 12.262792
17 58 9.612945
17 59 7.910378
17 60 7.570118
17 61 5.078476
17 62 4.114367
17 63 4.675838
17 64 4.734692
17 65 4.505603
17 66 3.065648
17 67 5.924217
17 68 4.973602
17 69 4.688615
17 70 9.966797
17 71 9.902941
17 72 11.995629
17 73 8.499724
17 74 5.784850
17 75 6.617445
17 76 11.710017
17 77 12.980187
17 78 2.410503
17 79 5.319615
17 80 10.228697
17 81 7.006258
17 82 8.335924
17 83 6.969352
17 84 6.013001
17 85 7.007784
17 86 5.514371
17 87 8.175633
17 88 6.434259
17 89 10.120018
17 90 13.309393
17 91 15.587944
17 92 12.494258
17 93 8.894427
17 94 14.466743
17 95 16.038305
17 96 13.814701
17 97 15.364697
17 98 20.577141
17 99 20.994951
17 100 20.427623
17 101 22.943688
17 102 25.005486
17 103 23.261329
17 104 24.205167
17 105 28.294264
18 19 1.298956
18 20 2.531124
18 21 2.935468
18 22 7.157732
18 23 7.704071
18 24 7.953804
18 25 13.031691
18 26 12.863105
18 27 15.021598
18 28 20.639265
18 29 16.495322
18 30 10.389399
18 31 9.368903
18 32 8.450972
18 33 7.430037
18 34 4.097574
18 35 5.823043
18 36 4.872089
18 37 8.886673
18 38 8.620586
18 39 8.515256
18 40 8.609468
18 41 7.109329
18 42 8.954208
18 43 7.213605
18 44 8.364631
18 45 5.137862
18 46 6.219124
18 47 9.261756
18 48 9.486813
18 49 14.713704
18 50 8.054956
18 51 9.457016
18 52 9.931761
18 53 8.816230
18 54 9.649042
18 55 10.305077
18 56 7.623684
18 57 8.483260
18 58 4.931742
18 59 3.505519
18 60 2.845949
18 61 2.782478
18 62 2.724090
18 63 2.788734
18 64 2.631011
18 65 2.790815
18 66 2.729034
18 67 3.118038
18 68 2.585442
18 69 2.965622
18 70 4.752675
18 71 3.490379
18 72 5.639632
18 73 5.014171
18 74 6.363896
18 75 8.178146
18 76 12.411035
18 77 12.985958
18 78 3.991831
18 79 8.177509
18 80 10.553723
18 81 8.995851
18 82 7.131634
18 83 6.166834
18 84 2.659716
18 85 2.805057
18 86 2.599652
18 87 3.496605
18 88 2.421839
18 89 7.635559
18 90 10.688427
18 91 13.672043
18 92 9.865041
18 93 8.041751
18 94 12.420371
18 95 14.211564
18 96 10.629024
18 97 11.010139
18 98 20.506177
18 99 16.791271
18 100 10.442828
18 101 20.735750
18 102 23.564731
18 103 22.057626
18 104 22.345796
18 105 26.541639
19 20 1.301024
19 21 1.328182
19 22 2.861399
19 23 4.636283
19 24 4.774981
19 25 11.459460
19 26 13.528780
19 27 15.818371
19 28 20.476875
19 29 12.445149
19 30 9.109081
19 31 6.056865
19 32 4.526562
19 33 3.549064
19 34 2.859666
19 35 2.761546
19 36 2.986497
19 37 6.270998
19 38 2.675846
19 39 4.871306
19 40 2.823491
19 41 3.314584
19 42 5.400805
19 43 2.880838
19 44 3.743592
19 45 3.069647
19 46 4.581501
19 47 8.021449
19 48 7.561163
19 49 11.170231
19 50 7.944343
19 51 13.114956
19 52 16.350737
19 53 13.004101
19 54 15.278773
19 55 14.188267
19 56 14.576243
19 57 14.752508
19 58 11.972811
19 59 9.689002
19 60 9.515488
19 61 6.922813
19 62 8.585107
19 63 6.764474
19 64 6.449906
19 65 5.959330
19 66 5.456473
19 67 6.768132
19 68 6.686948
19 69 7.329851
19 70 10.011848
19 71 9.908594
19 72 9.603212
19 73 7.206698
19 74 7.294881
19 75 4.498288
19 76 12.873698
19 77 11.811290
19 78 2.098707
19 79 7.050372
19 80 11.529322
19 81 6.714998
19 82 7.300470
19 83 4.540006
19 84 6.211519
19 85 6.302360
19 86 5.858280
19 87 7.353985
19 88 6.208318
19 89 11.052980
19 90 14.001264
19 91 15.477317
19 92 9.946229
19 93 9.564596
19 94 14.822660
19 95 14.889251
19 96 9.173735
19 97 14.701293
19 98 21.005623
19 99 20.011052
19 100 11.556886
19 101 21.512179
19 102 23.881447
19 103 21.824482
19 104 22.500065
19 105 26.213559
20 21 1.293135
20 22 3.794649
20 23 5.073312
20 24 9.696386
20 25 11.853530
20 26 14.634142
20 27 16.680633
20 28 13.103728
20 29 8.939966
20 30 6.832810
20 31 4.056251
20 32 3.280602
20 33 3.536840
20 34 2.567583
20 35 2.363710
20 36 2.934240
20 37 3.389260
20 38 5.287299
20 39 4.813296
20 40 3.645456
20 41 5.840462
20 42 5.414914
20 43 7.184020
20 44 6.546683
20 45 3.745179
20 46 6.460782
20 47 3.746570
20 48 6.797242
20 49 7.346610
20 50 9.215727
20 51 8.993989
20 52 14.063151
20 53 16.347860
20 54 16.236386
20 55 14.860611
20 56 12.161205
20 57 13.141088
20 58 12.313673
20 59 12.725040
20 60 12.394894
20 61 6.196135
20 62 6.790481
20 63 2.484834
20 64 3.446051
20 65 2.917380
20 66 2.976582
20 67 6.241230
20 68 3.821173
20 69 8.640511
20 70 8.574181
20 71 10.476255
20 72 11.368419
20 73 9.412731
20 74 9.413390
20 75 7.253965
20 76 15.337477
20 77 15.983479
20 78 6.326600
20 79 11.274915
20 80 13.006664
20 81 7.748414
20 82 8.463076
20 83 4.962645
20 84 6.631016
20 85 4.287091
20 86 4.498368
20 87 3.457569
20 88 2.423525
20 89 5.742887
20 90 9.149285
20 91 10.764429
20 92 4.337284
20 93 7.793413
20 94 11.505333
20 95 11.253748
20 96 7.940458
20 97 13.342148
20 98 15.919443
20 99 13.855934
20 100 12.112015
20 101 17.038603
20 102 20.962806
20 103 20.071758
20 104 21.360248
20 105 25.474606
21 22 1.301352
21 23 2.819440
21 24 5.678074
21 25 8.359712
21 26 11.146827
21 27 13.759147
21 28 10.023160
21 29 7.304417
21 30 3.435063
21 31 3.242213
21 32 2.577380
21 33 2.700043
21 34 2.720912
21 35 2.989615
21 36 2.886536
21 37 4.562712
21 38 2.985198
21 39 3.690493
21 40 3.546284
21 41 3.144649
21 42 4.048930
21 43 3.738599
21 44 2.908769
21 45 2.887083
21 46 2.537668
21 47 3.949291
21 48 7.181493
21 49 7.032289
21 50 5.169209
21 51 9.991079
21 52 13.072372
21 53 10.081499
21 54 12.068722
21 55 11.936935
21 56 12.151975
21 57 14.524137
21 58 11.709391
21 59 13.042515
21 60 13.432301
21 61 9.205696
21 62 11.200663
21 63 8.242775
21 64 9.145844
21 65 8.488276
21 66 6.460599
21 67 9.019557
21 68 6.115522
21 69 9.238309
21 70 7.882879
21 71 8.194033
21 72 7.298687
21 73 7.529401
21 74 6.847621
21 75 4.575680
21 76 11.930395
21 77 12.911426
21 78 4.161719
21 79 7.947913
21 80 6.308600
21 81 6.788699
21 82 5.293692
21 83 4.110178
21 84 4.570744
21 85 3.281331
21 86 5.156949
21 87 6.262643
21 88 3.684989
21 89 8.333552
21 90 11.961201
21 91 12.204888
21 92 6.478808
21 93 8.318573
21 94 13.069578
21 95 10.884711
21 96 5.573933
21 97 10.881314
21 98 13.154842
21 99 11.096402
21 100 8.375732
21 101 12.828637
21 102 17.092671
21 103 11.397832
21 104 16.605553
21 105 23.683725
22 23 1.295123
22 24 2.510190
22 25 6.456597
22 26 5.200911
22 27 10.818765
22 28 7.897336
22 29 5.721377
22 30 3.316372
22 31 3.053555
22 32 2.493809
22 33 2.451149
22 34 2.662267
22 35 2.612185
22 36 2.724748
22 37 3.300120
22 38 2.867304
22 39 2.884796
22 40 2.975685
22 41 2.785365
22 42 3.159106
22 43 5.938878
22 44 4.399485
22 45 5.636043
22 46 5.830602
22 47 5.930752
22 48 7.072610
22 49 7.318231
22 50 6.359504
22 51 9.517269
22 52 12.531074
22 53 11.494723
22 54 14.112969
22 55 13.387239
22 56 10.252319
22 57 12.324747
22 58 10.907735
22 59 13.319759
22 60 13.950382
22 61 12.248581
22 62 13.684086
22 63 8.602196
22 64 11.822270
22 65 11.244303
22 66 8.605080
22 67 12.037163
22 68 8.099330
22 69 10.566172
22 70 7.255210
22 71 9.315279
22 72 9.242232
22 73 10.407115
22 74 10.247940
22 75 8.939798
22 76 13.629769
22 77 13.682393
22 78 9.321072
22 79 13.287890
22 80 12.127594
22 81 11.382952
22 82 9.579079
22 83 6.272468
22 84 8.676847
22 85 5.286813
22 86 7.227935
22 87 7.576666
22 88 7.479188
22 89 11.118882
22 90 13.426869
22 91 12.165202
22 92 7.154789
22 93 10.116887
22 94 11.863306
22 95 8.753951
22 96 4.284156
22 97 9.337008
22 98 11.681554
22 99 8.384917
22 100 7.892225
22 101 12.220775
22 102 13.764281
22 103 10.456457
22 104 13.874371
22 105 21.841853
23 24 1.264067
23 25 3.220606
23 26 5.639638
23 27 7.800604
23 28 3.766183
23 29 3.202577
23 30 2.700696
23 31 2.644817
23 32 2.907543
23 33 3.077143
23 34 2.777561
23 35 4.713948
23 36 5.051360
23 37 6.568907
23 38 5.444118
23 39 6.367113
23 40 6.325251
23 41 5.240951
23 42 6.238161
23 43 6.625846
23 44 5.096379
23 45 6.317359
23 46 3.189589
23 47 3.587443
23 48 3.681969
23 49 6.702411
23 50 3.493416
23 51 6.627285
23 52 9.048403
23 53 7.388931
23 54 9.578189
23 55 8.118948
23 56 8.253003
23 57 11.752680
23 58 9.535652
23 59 11.686082
23 60 12.758394
23 61 11.340612
23 62 12.507959
23 63 10.743228
23 64 10.891629
23 65 10.870075
23 66 7.861233
23 67 10.154619
23 68 7.611898
23 69 8.217410
23 70 4.494082
23 71 5.792135
23 72 3.677750
23 73 6.443947
23 74 5.548514
23 75 7.570831
23 76 8.998304
23 77 8.725045
23 78 9.787495
23 79 8.647148
23 80 7.803391
23 81 8.135426
23 82 4.012291
23 83 3.497282
23 84 3.802174
23 85 2.969221
23 86 3.923953
23 87 5.997861
23 88 6.159051
23 89 11.235000
23 90 12.655744
23 91 10.929032
23 92 6.111038
23 93 7.742446
23 94 9.712417
23 95 8.469115
23 96 2.801127
23 97 7.364870
23 98 9.480285
23 99 6.668106
23 100 4.682544
23 101 10.197819
23 102 11.305166
23 103 6.842327
23 104 10.339025
23 105 14.885922
24 25 1.273181
24 26 2.816944
24 27 5.885085
24 28 3.707650
24 29 3.165563
24 30 2.637322
24 31 2.461894
24 32 2.401833
24 33 2.747301
24 34 3.228372
24 35 3.866908
24 36 3.818413
24 37 3.691950
24 38 3.804260
24 39 3.483146
24 40 3.417540
24 41 2.968141
24 42 2.793652
24 43 4.998170
24 44 3.615812
24 45 4.839928
24 46 5.617902
24 47 3.737489
24 48 6.340026
24 49 7.382162
24 50 4.406261
24 51 6.976724
24 52 9.195612
24 53 7.189704
24 54 11.000476
24 55 9.942152
24 56 7.204744
24 57 10.900981
24 58 8.869563
24 59 12.065974
24 60 13.101041
24 61 16.250194
24 62 13.869019
24 63 12.841420
24 64 14.276645
24 65 14.873028
24 66 11.261424
24 67 12.850128
24 68 9.677154
24 69 10.786990
24 70 6.943655
24 71 7.636246
24 72 6.924812
24 73 10.179946
24 74 8.614475
24 75 10.945140
24 76 11.814742
24 77 11.610964
24 78 11.638657
24 79 12.174835
24 80 11.210422
24 81 10.379658
24 82 7.210513
24 83 5.094101
24 84 6.407880
24 85 3.401420
24 86 6.762759
24 87 8.697096
24 88 8.924276
24 89 12.722680
24 90 13.269305
24 91 11.321854
24 92 8.616750
24 93 9.013153
24 94 9.358939
24 95 6.406220
24 96 3.253966
24 97 6.680389
24 98 6.779157
24 99 2.820131
24 100 4.028551
24 101 6.346828
24 102 6.483060
24 103 4.010722
24 104 7.408777
24 105 13.206642
25 26 1.292732
25 27 2.876018
25 28 2.675631
25 29 3.112276
25 30 3.114061
25 31 3.495379
25 32 2.756527
25 33 4.271775
25 34 4.292366
25 35 6.491120
25 36 9.433057
25 37 6.213715
25 38 7.769248
25 39 7.575568
25 40 6.916737
25 41 6.200272
25 42 6.851662
25 43 4.206154
25 44 4.495670
25 45 5.592855
25 46 3.597231
25 47 5.196779
25 48 4.213043
25 49 4.930231
25 50 2.991523
25 51 5.269423
25 52 7.362913
25 53 3.597680
25 54 6.978204
25 55 7.120174
25 56 7.562516
25 57 9.943355
25 58 5.828535
25 59 7.685529
25 60 11.574870
25 61 12.575880
25 62 14.385041
25 63 15.204128
25 64 14.737380
25 65 17.749914
25 66 14.850442
25 67 14.173329
25 68 11.991446
25 69 8.324415
25 70 7.191511
25 71 6.290334
25 72 5.295712
25 73 10.119950
25 74 6.619412
25 75 9.705578
25 76 11.598635
25 77 9.952752
25 78 10.261109
25 79 11.665602
25 80 11.953675
25 81 11.342174
25 82 9.250056
25 83 5.601378
25 84 8.114380
25 85 5.966024
25 86 10.073860
25 87 8.148734
25 88 8.487578
25 89 12.937277
25 90 12.645986
25 91 9.889075
25 92 7.791727
25 93 7.324960
25 94 7.845122
25 95 5.117473
25 96 2.870555
25 97 5.322960
25 98 5.730584
25 99 2.632048
25 100 3.106893
25 101 5.478120
25 102 4.989647
25 103 3.319876
25 104 5.138788
25 105 8.483074
26 27 1.300685
26 28 1.328256
26 29 2.392519
26 30 2.775321
26 31 2.577382
26 32 3.058727
26 33 2.425040
26 34 7.240540
26 35 3.570398
26 36 7.643201
26 37 3.157452
26 38 2.932681
26 39 3.394384
26 40 4.531544
26 41 3.883573
26 42 4.023096
26 43 3.892945
26 44 3.538704
26 45 6.362348
26 46 5.948978
26 47 3.451589
26 48 4.378930
26 49 6.526018
26 50 2.798639
26 51 6.299478
26 52 6.957298
26 53 3.196236
26 54 6.562152
26 55 7.845784
26 56 8.372115
26 57 11.178894
26 58 10.571486
26 59 13.157792
26 60 17.022393
26 61 16.319082
26 62 14.629661
26 63 15.834949
26 64 21.530991
26 65 20.519155
26 66 15.403785
26 67 17.251105
26 68 14.054962
26 69 11.479980
26 70 7.308526
26 71 6.698062
26 72 2.756425
26 73 6.900666
26 74 7.822082
26 75 10.860162
26 76 12.036163
26 77 12.387298
26 78 11.038093
26 79 11.620353
26 80 12.456986
26 81 9.521592
26 82 7.850563
26 83 4.096524
26 84 7.565169
26 85 5.710602
26 86 11.212225
26 87 11.841087
26 88 11.572823
26 89 15.094543
26 90 14.670048
26 91 12.304423
26 92 10.000711
26 93 10.259379
26 94 9.396730
26 95 6.481524
26 96 4.012224
26 97 6.570206
26 98 5.163287
26 99 2.622852
26 100 2.975030
26 101 5.012085
26 102 4.668866
26 103 3.207857
26 104 5.556466
26 105 7.262815
27 28 1.292403
27 29 2.202831
27 30 2.682298
27 31 4.491972
27 32 3.794739
27 33 6.751780
27 34 8.443079
27 35 7.733160
27 36 12.526061
27 37 7.339534
27 38 9.541361
27 39 8.271580
27 40 8.662430
27 41 9.788265
27 42 6.973774
27 43 7.060025
27 44 6.978628
27 45 6.776516
27 46 6.630796
27 47 4.530426
27 48 4.273446
27 49 4.870582
27 50 2.504861
27 51 3.391119
27 52 3.722462
27 53 3.046617
27 54 5.443701
27 55 6.301596
27 56 7.166022
27 57 10.542330
27 58 11.581982
27 59 10.084710
27 60 14.576534
27 61 15.927231
27 62 20.379256
27 63 21.524468
27 64 20.603069
27 65 22.529698
27 66 17.053597
27 67 18.668555
27 68 15.720427
27 69 12.946591
27 70 8.471774
27 71 7.554310
27 72 3.643604
27 73 6.929752
27 74 7.706757
27 75 9.891827
27 76 10.482148
27 77 11.538846
27 78 10.931739
27 79 11.327821
27 80 12.237118
27 81 10.233514
27 82 9.570937
27 83 5.385505
27 84 9.733902
27 85 7.497366
27 86 13.171329
27 87 14.157715
27 88 16.711378
27 89 20.337206
27 90 17.237846
27 91 14.898047
27 92 12.600112
27 93 12.163966
27 94 11.869396
27 95 9.312538
27 96 7.269084
27 97 7.941779
27 98 6.798644
27 99 4.213293
27 100 3.222113
27 101 5.355597
27 102 2.915104
27 103 2.725366
27 104 4.462021
27 105 4.706579
28 29 1.294293
28 30 2.729669
28 31 2.525500
28 32 5.088894
28 33 6.559655
28 34 11.175684
28 35 8.856041
28 36 13.137341
28 37 7.476177
28 38 8.845033
28 39 7.490670
28 40 7.104259
28 41 7.083942
28 42 2.859319
28 43 5.909250
28 44 3.462227
28 45 3.792854
28 46 2.711499
28 47 3.017485
28 48 3.391793
28 49 2.651919
28 50 2.478491
28 51 2.578040
28 52 3.176732
28 53 3.361096
28 54 6.649255
28 55 7.537645
28 56 5.980334
28 57 6.583043
28 58 9.340494
28 59 9.511532
28 60 13.910531
28 61 14.284691
28 62 16.900967
28 63 17.239283
28 64 21.509534
28 65 23.612699
28 66 21.367087
28 67 17.782023
28 68 13.941512
28 69 12.650729
28 70 8.156080
28 71 9.865132
28 72 6.330995
28 73 8.933534
28 74 6.381036
28 75 7.251669
28 76 7.667246
28 77 7.833018
28 78 8.131861
28 79 7.204025
28 80 7.599222
28 81 10.511603
28 82 10.143521
28 83 6.350877
28 84 11.896591
28 85 10.023069
28 86 15.475558
28 87 14.241126
28 88 15.576230
28 89 21.083513
28 90 20.835048
28 91 16.254815
28 92 13.893550
28 93 12.924321
28 94 12.470145
28 95 10.161457
28 96 7.972496
28 97 8.260417
28 98 8.228294
28 99 5.605972
28 100 3.761179
28 101 5.905373
28 102 3.076000
28 103 2.554838
28 104 2.910921
28 105 6.150614
29 30 1.285634
29 31 2.297137
29 32 3.268965
29 33 5.746793
29 34 11.986823
29 35 11.944261
29 36 11.873783
29 37 6.357875
29 38 5.653651
29 39 9.895779
29 40 7.371163
29 41 3.643834
29 42 3.539992
29 43 2.836056
29 44 3.509519
29 45 3.390131
29 46 3.625394
29 47 2.453095
29 48 2.786820
29 49 2.570443
29 50 2.530264
29 51 2.770718
29 52 2.677156
29 53 2.588061
29 54 5.026122
29 55 7.182660
29 56 3.906526
29 57 7.507442
29 58 7.350116
29 59 10.466085
29 60 12.637688
29 61 15.518349
29 62 15.881283
29 63 20.031962
29 64 18.767860
29 65 21.228779
29 66 13.728449
29 67 13.373727
29 68 9.735399
29 69 8.672130
29 70 4.428998
29 71 7.680151
29 72 6.504103
29 73 9.531007
29 74 5.680429
29 75 7.051455
29 76 7.346546
29 77 8.438009
29 78 6.529368
29 79 6.797880
29 80 8.198895
29 81 7.670722
29 82 9.894917
29 83 5.881094
29 84 10.684392
29 85 6.329032
29 86 11.946811
29 87 10.864775
29 88 12.739115
29 89 15.579056
29 90 16.232007
29 91 15.071087
29 92 11.945360
29 93 11.719599
29 94 12.400450
29 95 10.152347
29 96 4.837441
29 97 8.788239
29 98 9.770524
29 99 7.044051
29 100 4.577368
29 101 7.611808
29 102 8.114818
29 103 3.289388
29 104 5.719429
29 105 7.256809
30 31 1.293514
30 32 3.009707
30 33 6.055500
30 34 8.151388
30 35 9.187147
30 36 7.528169
30 37 7.147873
30 38 7.531674
30 39 4.168658
30 40 3.143954
30 41 2.778690
30 42 4.222976
30 43 3.352564
30 44 2.738106
30 45 3.538448
30 46 2.624505
30 47 2.322102
30 48 2.394877
30 49 2.860691
30 50 2.641925
30 51 2.688441
30 52 3.772169
30 53 3.659747
30 54 5.600199
30 55 4.971717
30 56 6.677095
30 57 8.692243
30 58 7.171968
30 59 8.726612
30 60 10.960239
30 61 11.834244
30 62 13.858050
30 63 13.334992
30 64 12.405080
30 65 14.056323
30 66 13.806337
30 67 12.625241
30 68 11.307702
30 69 6.633668
30 70 4.331875
30 71 3.311684
30 72 3.127297
30 73 6.426596
30 74 3.650879
30 75 5.982112
30 76 7.361580
30 77 6.537763
30 78 7.435540
30 79 7.729090
30 80 8.389399
30 81 6.389707
30 82 6.404194
30 83 2.627814
30 84 5.051101
30 85 3.389457
30 86 6.474376
30 87 7.148307
30 88 9.005042
30 89 12.972095
30 90 13.428990
30 91 12.589133
30 92 9.354184
30 93 8.994429
30 94 10.299594
30 95 8.849715
30 96 3.276311
30 97 7.801700
30 98 9.026448
30 99 5.703885
30 100 3.333875
30 101 6.023692
30 102 5.499657
30 103 3.510579
30 104 3.866783
30 105 8.249479
31 32 1.299262
31 33 2.840843
31 34 6.175713
31 35 6.653968
31 36 7.368715
31 37 3.736957
31 38 3.453162
31 39 3.313566
31 40 3.571946
31 41 4.423756
31 42 3.496056
31 43 3.214893
31 44 2.881579
31 45 2.977045
31 46 2.941585
31 47 2.616294
31 48 2.732723
31 49 2.932921
31 50 2.861777
31 51 2.721372
31 52 4.815978
31 53 3.842054
31 54 7.845177
31 55 6.257211
31 56 7.965329
31 57 9.508884
31 58 8.584819
31 59 11.972341
31 60 13.794647
31 61 13.647371
31 62 11.607424
31 63 13.205668
31 64 14.928078
31 65 15.807804
31 66 12.079579
31 67 12.292230
31 68 9.141633
31 69 8.152739
31 70 5.213283
31 71 6.930682
31 72 3.590381
31 73 7.824275
31 74 4.977993
31 75 8.863207
31 76 8.767046
31 77 9.551947
31 78 7.950172
31 79 9.759568
31 80 9.020684
31 81 7.395013
31 82 5.903602
31 83 3.516169
31 84 7.201633
31 85 3.943419
31 86 9.192153
31 87 9.673408
31 88 11.113313
31 89 14.482693
31 90 15.234923
31 91 13.702566
31 92 10.448368
31 93 10.789489
31 94 11.953055
31 95 9.405541
31 96 3.754853
31 97 8.945247
31 98 10.730876
31 99 8.001476
31 100 4.214582
31 101 9.312295
31 102 9.546858
31 103 5.790685
31 104 8.077839
31 105 13.617212
32 33 1.296725
32 34 2.736766
32 35 5.189427
32 36 4.726308
32 37 3.631920
32 38 2.741951
32 39 2.801200
32 40 4.079016
32 41 3.269341
32 42 3.062432
32 43 2.667738
32 44 2.619337
32 45 2.492728
32 46 2.600385
32 47 3.129467
32 48 2.805057
32 49 4.060695
32 50 3.634337
32 51 6.593865
32 52 7.073297
32 53 6.086857
32 54 9.135045
32 55 8.376903
32 56 10.282645
32 57 12.084101
32 58 11.809332
32 59 12.980744
32 60 15.501491
32 61 14.071720
32 62 18.139598
32 63 12.268384
32 64 13.495137
32 65 13.856760
32 66 11.080546
32 67 10.799844
32 68 10.306530
32 69 6.458540
32 70 6.350580
32 71 3.424993
32 72 3.483064
32 73 7.129882
32 74 4.575033
32 75 6.721095
32 76 6.331719
32 77 6.534313
32 78 7.527230
32 79 5.087102
32 80 6.836372
32 81 3.735231
32 82 4.775588
32 83 3.075379
32 84 4.021339
32 85 3.300471
32 86 7.019403
32 87 8.988766
32 88 10.872243
32 89 13.090640
32 90 14.010836
32 91 13.397586
32 92 9.469064
32 93 8.703214
32 94 11.343278
32 95 9.459197
32 96 3.430457
32 97 8.738880
32 98 10.791476
32 99 8.476573
32 100 4.001074
32 101 9.672612
32 102 11.432385
32 103 7.976104
32 104 10.057748
32 105 15.385439
33 34 1.289736
33 35 2.657995
33 36 2.762652
33 37 2.989282
33 38 2.750147
33 39 2.892880
33 40 2.915053
33 41 2.431637
33 42 2.450173
33 43 2.964128
33 44 2.810825
33 45 2.662483
33 46 2.804120
33 47 2.682111
33 48 3.497931
33 49 4.532063
33 50 4.105487
33 51 6.741582
33 52 9.736566
33 53 6.547224
33 54 8.904935
33 55 10.104538
33 56 11.152517
33 57 16.852086
33 58 15.248819
33 59 20.686153
33 60 21.153422
33 61 13.289480
33 62 17.380366
33 63 11.686842
33 64 13.712765
33 65 13.416097
33 66 10.838285
33 67 15.483519
33 68 10.420137
33 69 11.784181
33 70 7.933271
33 71 7.509586
33 72 4.054031
33 73 7.012156
33 74 7.549803
33 75 7.113600
33 76 11.422935
33 77 11.735424
33 78 8.802478
33 79 10.782497
33 80 10.065326
33 81 6.122000
33 82 7.119506
33 83 3.902351
33 84 6.142468
33 85 3.574833
33 86 8.355720
33 87 10.859867
33 88 10.445483
33 89 14.659879
33 90 20.027140
33 91 17.859796
33 92 10.677350
33 93 12.692207
33 94 14.974410
33 95 13.985784
33 96 7.344537
33 97 12.378088
33 98 14.807871
33 99 12.415111
33 100 8.316520
33 101 13.693754
33 102 14.407477
33 103 10.702883
33 104 12.491215
33 105 22.655907
34 35 1.292426
34 36 2.196094
34 37 2.735927
34 38 2.720104
34 39 2.755712
34 40 2.557479
34 41 2.501450
34 42 2.418599
34 43 2.507130
34 44 2.710101
34 45 2.489059
34 46 2.734489
34 47 3.497610
34 48 3.351237
34 49 7.241186
34 50 7.391420
34 51 9.947920
34 52 13.198289
34 53 12.538050
34 54 16.037199
34 55 14.772492
34 56 20.393069
34 57 20.843865
34 58 20.807238
34 59 20.491002
34 60 21.138649
34 61 14.528274
34 62 14.977823
34 63 11.769945
34 64 14.006698
34 65 14.535304
34 66 10.405628
34 67 15.593820
34 68 9.918729
34 69 11.939144
34 70 12.895144
34 71 12.814455
34 72 10.543983
34 73 1.641269
34 74 2.479117
34 75 3.734591
34 76 12.496991
34 77 13.959376
34 78 6.360478
34 79 9.788720
34 80 11.157431
34 81 5.437263
34 82 9.834108
34 83 6.660198
34 84 9.344806
34 85 7.547630
34 86 11.078284
34 87 12.486858
34 88 10.382686
34 89 14.536685
34 90 20.840499
34 91 18.142553
34 92 12.300276
34 93 14.783883
34 94 17.898608
34 95 16.068137
34 96 9.063789
34 97 15.641616
34 98 17.846027
34 99 15.100822
34 100 10.639948
34 101 16.684347
34 102 17.709706
34 103 14.013110
34 104 20.771139
34 105 25.480625
35 36 1.285538
35 37 2.546583
35 38 2.328514
35 39 2.353313
35 40 2.404673
35 41 2.400991
35 42 2.524423
35 43 2.746025
35 44 2.551469
35 45 3.220441
35 46 3.242911
35 47 5.603760
35 48 7.763890
35 49 9.533360
35 50 9.911844
35 51 12.771125
35 52 16.203674
35 53 20.350283
35 54 21.861690
35 55 20.932992
35 56 21.785192
35 57 21.911292
35 58 21.188668
35 59 22.569234
35 60 22.767326
35 61 10.923640
35 62 12.455233
35 63 6.597506
35 64 10.147174
35 65 12.549056
35 66 9.346400
35 67 13.698730
35 68 7.174267
35 69 14.124544
35 70 14.610912
35 71 15.446681
35 72 13.776126
35 73 8.038143
35 74 9.850253
35 75 9.143258
35 76 20.601101
35 77 17.359400
35 78 10.190570
35 79 14.839863
35 80 13.923221
35 81 9.646249
35 82 11.857018
35 83 9.455102
35 84 10.076361
35 85 10.500566
35 86 9.964827
35 87 9.897890
35 88 7.725660
35 89 13.051822
35 90 17.367079
35 91 16.090990
35 92 10.102338
35 93 15.159123
35 94 17.630430
35 95 14.784610
35 96 9.935178
35 97 17.223975
35 98 20.943678
35 99 14.682725
35 100 12.489671
35 101 21.650897
35 102 22.075647
35 103 13.686233
35 104 22.958266
35 105 26.431513
36 37 1.311644
36 38 1.309481
36 39 1.323186
36 40 1.284895
36 41 1.328573
36 42 1.319362
36 43 1.332700
36 44 4.254194
36 45 2.799475
36 46 3.626627
36 47 8.005943
36 48 9.823600
36 49 12.734931
36 50 11.572071
36 51 15.660491
36 52 21.473567
36 53 21.308208
36 54 24.291745
36 55 22.503310
36 56 22.465565
36 57 23.344280
36 58 22.798587
36 59 23.759303
36 60 24.671977
36 61 13.463824
36 62 16.074234
36 63 9.752954
36 64 13.466432
36 65 13.737622
36 66 9.750256
36 67 14.744513
36 68 11.322761
36 69 15.655928
36 70 14.242775
36 71 18.883262
36 72 14.838843
36 73 11.539681
36 74 13.432456
36 75 12.526114
36 76 21.118568
36 77 21.105524
36 78 13.535481
36 79 20.251039
36 80 16.905288
36 81 11.490660
36 82 15.958957
36 83 12.512351
36 84 12.424380
36 85 11.424445
36 86 10.825002
36 87 10.146393
36 88 8.953859
36 89 13.426228
36 90 18.995826
36 91 13.793991
36 92 9.536778
36 93 14.481101
36 94 20.192110
36 95 11.165911
36 96 9.695886
36 97 16.758785
36 98 20.410974
36 99 14.235823
36 100 14.132243
36 101 20.988642
36 102 21.757724
36 103 20.005743
36 104 21.693013
36 105 24.948534
37 38 1.305153
37 39 2.610063
37 40 2.677038
37 41 2.715372
37 42 3.070408
37 43 3.223989
37 44 5.255481
37 45 7.436086
37 46 6.630190
37 47 7.311034
37 48 9.425542
37 49 11.271788
37 50 10.386036
37 51 20.542040
37 52 23.108143
37 53 21.701097
37 54 23.230924
37 55 22.691021
37 56 24.139992
37 57 23.439752
37 58 22.892294
37 59 23.002588
37 60 24.570380
37 61 11.688378
37 62 15.571047
37 63 9.502030
37 64 11.791422
37 65 11.709968
37 66 14.759868
37 67 20.204384
37 68 16.029083
37 69 16.765352
37 70 16.011913
37 71 13.606000
37 72 13.645711
37 73 16.867196
37 74 13.609538
37 75 20.371496
37 76 23.594734
37 77 21.685899
37 78 12.845202
37 79 17.366694
37 80 24.036629
37 81 10.014044
37 82 14.987011
37 83 10.941227
37 84 13.535892
37 85 12.229706
37 86 11.263644
37 87 12.425173
37 88 10.034975
37 89 15.105432
37 90 20.334448
37 91 16.669896
37 92 12.081299
37 93 16.613943
37 94 20.579991
37 95 15.132239
37 96 9.769211
37 97 17.504360
37 98 20.515241
37 99 13.739021
37 100 12.490623
37 101 20.688663
37 102 20.156627
37 103 11.229792
37 104 20.084395
37 105 27.343141
38 39 1.299420
38 40 2.390112
38 41 2.612586
38 42 2.652363
38 43 2.659482
38 44 3.917802
38 45 6.814990
38 46 3.313713
38 47 3.638679
38 48 7.988685
38 49 9.551788
38 50 11.454787
38 51 15.028852
38 52 20.848385
38 53 14.404826
38 54 16.160436
38 55 16.102228
38 56 21.610119
38 57 22.296747
38 58 21.637046
38 59 15.037199
38 60 21.105475
38 61 14.343962
38 62 18.025211
38 63 11.854234
38 64 15.275623
38 65 15.085555
38 66 16.671334
38 67 21.756197
38 68 17.111307
38 69 14.250070
38 70 12.505094
38 71 11.525033
38 72 12.242369
38 73 12.892673
38 74 11.984162
38 75 15.432061
38 76 20.932690
38 77 22.387337
38 78 10.566092
38 79 13.055163
38 80 22.227472
38 81 7.331745
38 82 10.840397
38 83 8.403681
38 84 9.445582
38 85 7.717755
38 86 11.076754
38 87 13.343481
38 88 10.348687
38 89 15.438788
38 90 20.522521
38 91 17.151897
38 92 12.608540
38 93 16.470294
38 94 20.676314
38 95 15.168686
38 96 9.822228
38 97 18.542818
38 98 21.626386
38 99 13.718076
38 100 13.966889
38 101 20.826303
38 102 20.658050
38 103 13.810511
38 104 21.092271
38 105 30.705970
39 40 1.296588
39 41 2.501429
39 42 2.494461
39 43 2.386032
39 44 3.237647
39 45 3.989070
39 46 2.520274
39 47 6.270520
39 48 8.284601
39 49 12.656678
39 50 14.953751
39 51 16.335281
39 52 20.617388
39 53 14.423793
39 54 16.328636
39 55 16.248175
39 56 20.343815
39 57 20.814371
39 58 20.433683
39 59 15.205521
39 60 21.307972
39 61 13.435009
39 62 16.325896
39 63 10.105372
39 64 14.782830
39 65 17.473627
39 66 14.435786
39 67 16.107297
39 68 15.850126
39 69 13.111548
39 70 13.580250
39 71 11.136658
39 72 9.903121
39 73 12.103482
39 74 8.469423
39 75 11.562442
39 76 20.400404
39 77 21.950104
39 78 6.578261
39 79 10.403228
39 80 22.651758
39 81 3.106091
39 82 8.969662
39 83 6.178779
39 84 9.395920
39 85 9.643377
39 86 11.458871
39 87 13.096820
39 88 11.173183
39 89 15.831359
39 90 21.737563
39 91 20.124975
39 92 13.957383
39 93 17.463555
39 94 21.016719
39 95 13.786362
39 96 9.788526
39 97 16.633281
39 98 20.583388
39 99 14.570814
39 100 10.901612
39 101 15.919151
39 102 20.119677
39 103 13.733796
39 104 21.375574
39 105 31.067399
40 41 1.293464
40 42 2.331680
40 43 2.596725
40 44 2.811532
40 45 5.475253
40 46 3.358559
40 47 7.096883
40 48 10.369552
40 49 12.658783
40 50 12.768749
40 51 15.666483
40 52 17.462248
40 53 15.550657
40 54 17.253638
40 55 17.854169
40 56 17.546439
40 57 20.396870
40 58 20.737912
40 59 17.315148
40 60 22.271023
40 61 15.190559
40 62 17.266868
40 63 11.064483
40 64 15.302799
40 65 17.111389
40 66 13.877544
40 67 20.861282
40 68 16.536885
40 69 13.972896
40 70 12.682536
40 71 12.326804
40 72 8.157105
40 73 10.350117
40 74 6.625379
40 75 9.811571
40 76 14.521161
40 77 14.695356
40 78 7.055475
40 79 11.273265
40 80 21.511162
40 81 4.935316
40 82 9.637429
40 83 5.399724
40 84 9.385402
40 85 10.308808
40 86 8.856862
40 87 9.543256
40 88 10.365733
40 89 12.680216
40 90 21.726868
40 91 20.835812
40 92 12.392222
40 93 17.044054
40 94 20.515379
40 95 14.223762
40 96 9.471845
40 97 15.692049
40 98 16.992690
40 99 14.070996
40 100 9.799240
40 101 14.309177
40 102 21.667146
40 103 14.845171
40 104 22.228273
40 105 25.719428
41 42 1.293974
41 43 2.364166
41 44 2.710878
41 45 3.407795
41 46 2.704664
41 47 4.171571
41 48 7.451051
41 49 8.394689
41 50 8.681081
41 51 11.830781
41 52 13.967453
41 53 11.543487
41 54 12.857897
41 55 14.129509
41 56 13.177820
41 57 14.264803
41 58 11.660204
41 59 14.510188
41 60 21.690101
41 61 17.228245
41 62 18.262009
41 63 12.546857
41 64 16.401086
41 65 13.420674
41 66 14.428482
41 67 13.390320
41 68 12.446061
41 69 9.060065
41 70 9.141040
41 71 8.415882
41 72 4.426099
41 73 6.696744
41 74 3.764615
41 75 7.398484
41 76 10.987603
41 77 11.934993
41 78 6.897140
41 79 9.632155
41 80 15.947970
41 81 3.553667
41 82 5.582209
41 83 3.022478
41 84 5.023513
41 85 7.000582
41 86 9.240905
41 87 12.069140
41 88 14.058312
41 89 20.605024
41 90 22.639371
41 91 21.929280
41 92 12.740505
41 93 14.126735
41 94 15.506958
41 95 13.963596
41 96 8.690774
41 97 11.995716
41 98 13.519424
41 99 10.722100
41 100 6.622946
41 101 10.602452
41 102 20.413181
41 103 12.063711
41 104 20.549415
41 105 27.277957
42 43 1.259739
42 44 2.483094
42 45 2.629241
42 46 2.666869
42 47 2.752752
42 48 6.658344
42 49 8.331931
42 50 8.832871
42 51 12.238970
42 52 14.648765
42 53 15.226677
42 54 16.317887
42 55 17.846274
42 56 15.725963
42 57 15.747584
42 58 13.536427
42 59 21.858390
42 60 24.310921
42 61 17.952875
42 62 21.193671
42 63 13.641302
42 64 16.799392
42 65 20.638958
42 66 20.172858
42 67 20.971454
42 68 15.089415
42 69 12.394022
42 70 10.373395
42 71 10.039922
42 72 5.534318
42 73 6.965870
42 74 6.303574
42 75 7.259944
42 76 9.627903
42 77 7.159751
42 78 8.590540
42 79 6.555054
42 80 11.766653
42 81 6.672354
42 82 7.057144
42 83 6.881137
42 84 8.154672
42 85 10.081403
42 86 11.508698
42 87 13.353887
42 88 9.321200
42 89 20.879998
42 90 23.311008
42 91 22.826734
42 92 12.153733
42 93 15.559508
42 94 16.357623
42 95 14.827188
42 96 10.139299
42 97 12.149291
42 98 13.175916
42 99 10.493822
42 100 7.389408
42 101 10.113758
42 102 20.717718
42 103 13.535192
42 104 20.221668
42 105 25.554784
43 44 1.294809
43 45 2.567160
43 46 2.699785
43 47 2.413303
43 48 4.419261
43 49 6.100423
43 50 3.550101
43 51 8.613449
43 52 10.117393
43 53 13.397674
43 54 12.896139
43 55 12.630520
43 56 12.682177
43 57 14.877282
43 58 14.241885
43 59 20.682391
43 60 22.960199
43 61 22.517819
43 62 23.658815
43 63 16.121921
43 64 18.117485
43 65 20.616348
43 66 21.460039
43 67 20.603561
43 68 14.317390
43 69 12.359490
43 70 6.605485
43 71 7.218040
43 72 3.963427
43 73 3.506081
43 74 5.597001
43 75 6.433762
43 76 6.807676
43 77 7.103768
43 78 7.323315
43 79 4.564336
43 80 11.824912
43 81 3.787526
43 82 6.323907
43 83 6.599748
43 84 8.489240
43 85 7.825276
43 86 12.442250
43 87 14.210698
43 88 18.437339
43 89 22.051272
43 90 20.887449
43 91 20.716775
43 92 12.840518
43 93 11.105370
43 94 11.305989
43 95 10.298634
43 96 7.261468
43 97 6.641319
43 98 8.138834
43 99 6.611887
43 100 3.262198
43 101 5.153788
43 102 16.286511
43 103 12.851355
43 104 17.148878
43 105 25.232916
44 45 1.281981
44 46 2.734073
44 47 2.550986
44 48 4.890118
44 49 5.386907
44 50 7.122427
44 51 8.934201
44 52 10.379464
44 53 10.044721
44 54 11.510248
44 55 13.277919
44 56 12.186663
44 57 13.438805
44 58 10.240580
44 59 20.891112
44 60 22.414102
44 61 23.034582
44 62 23.336316
44 63 12.956438
44 64 8.305526
44 65 11.466989
44 66 20.563404
44 67 14.157765
44 68 11.932910
44 69 9.148530
44 70 7.141120
44 71 7.166190
44 72 7.913854
44 73 2.717803
44 74 4.303357
44 75 5.109642
44 76 6.311226
44 77 3.771308
44 78 5.733161
44 79 4.556741
44 80 8.623163
44 81 3.050700
44 82 2.564411
44 83 3.650467
44 84 4.729150
44 85 7.490601
44 86 9.262202
44 87 13.739027
44 88 17.658471
44 89 22.391198
44 90 22.560590
44 91 22.963292
44 92 20.021410
44 93 14.668783
44 94 15.440298
44 95 13.726625
44 96 8.614876
44 97 10.825135
44 98 10.903695
44 99 8.351992
44 100 6.359563
44 101 7.542312
44 102 12.699875
44 103 9.645260
44 104 14.861129
44 105 22.085674
45 46 1.304211
45 47 2.885999
45 48 3.027834
45 49 3.020327
45 50 4.602786
45 51 7.091706
45 52 9.547990
45 53 8.375216
45 54 8.348317
45 55 10.279793
45 56 11.932866
45 57 14.490539
45 58 14.014263
45 59 21.107401
45 60 21.922896
45 61 20.971350
45 62 22.698606
45 63 12.636161
45 64 14.068960
45 65 15.806113
45 66 11.660776
45 67 14.770034
45 68 13.146305
45 69 9.166615
45 70 8.226843
45 71 4.675797
45 72 5.440298
45 73 2.842164
45 74 3.569307
45 75 2.703602
45 76 5.105237
45 77 3.969853
45 78 4.718016
45 79 3.327342
45 80 5.296662
45 81 2.746076
45 82 4.841011
45 83 3.044334
45 84 6.874143
45 85 6.568053
45 86 10.432898
45 87 12.793746
45 88 14.954078
45 89 21.792514
45 90 22.185949
45 91 22.696813
45 92 15.783527
45 93 14.575546
45 94 15.855037
45 95 14.544995
45 96 10.198897
45 97 11.908975
45 98 12.759517
45 99 10.405038
45 100 7.393788
45 101 9.737631
45 102 10.604966
45 103 7.788401
45 104 12.899702
45 105 23.093766
46 47 1.277258
46 48 2.909897
46 49 2.916839
46 50 3.740760
46 51 3.614844
46 52 7.213761
46 53 6.662133
46 54 7.797939
46 55 8.922440
46 56 10.921488
46 57 10.818360
46 58 11.123603
46 59 13.676974
46 60 20.004341
46 61 14.966283
46 62 21.605787
46 63 15.721602
46 64 12.418129
46 65 16.758732
46 66 14.528416
46 67 15.985811
46 68 13.946533
46 69 11.029797
46 70 8.695519
46 71 6.858047
46 72 4.444304
46 73 4.022348
46 74 3.066690
46 75 2.824946
46 76 2.515237
46 77 2.691307
46 78 2.482815
46 79 3.301164
46 80 3.453159
46 81 2.655227
46 82 3.421415
46 83 2.593863
46 84 6.285459
46 85 4.772316
46 86 9.758087
46 87 12.406132
46 88 14.310642
46 89 17.076599
46 90 21.331387
46 91 20.758560
46 92 13.654638
46 93 11.800997
46 94 12.419894
46 95 10.628080
46 96 7.843037
46 97 8.642767
46 98 8.381885
46 99 5.646444
46 100 3.976175
46 101 6.188741
46 102 6.184345
46 103 3.491676
46 104 10.497427
46 105 16.755857
47 48 1.266523
47 49 2.799642
47 50 2.903328
47 51 3.446985
47 52 4.122669
47 53 3.515941
47 54 6.361791
47 55 7.915968
47 56 10.340714
47 57 9.553629
47 58 12.295305
47 59 13.827792
47 60 16.171587
47 61 16.274355
47 62 17.641505
47 63 15.041497
47 64 14.028922
47 65 20.308754
47 66 20.083828
47 67 15.343793
47 68 12.614701
47 69 11.354281
47 70 6.647213
47 71 5.745564
47 72 3.076789
47 73 3.426234
47 74 3.125526
47 75 4.134798
47 76 2.711423
47 77 3.219987
47 78 2.885917
47 79 3.243924
47 80 3.821909
47 81 3.643592
47 82 4.312402
47 83 3.568515
47 84 5.532659
47 85 4.001000
47 86 8.791164
47 87 11.124364
47 88 14.315476
47 89 20.899792
47 90 21.257056
47 91 21.627834
47 92 13.185893
47 93 12.470648
47 94 13.256838
47 95 13.040550
47 96 7.691828
47 97 8.604370
47 98 10.390507
47 99 8.789518
47 100 6.068907
47 101 6.112631
47 102 6.656943
47 103 3.756058
47 104 7.022594
47 105 13.842784
48 49 1.285883
48 50 2.734858
48 51 3.014529
48 52 3.100868
48 53 2.957584
48 54 5.235292
48 55 4.092376
48 56 7.722989
48 57 6.107527
48 58 7.950354
48 59 9.404632
48 60 11.554389
48 61 11.711648
48 62 13.596379
48 63 12.711567
48 64 11.069286
48 65 13.730373
48 66 14.034195
48 67 14.217530
48 68 12.076475
48 69 8.664703
48 70 6.229424
48 71 3.519235
48 72 3.189003
48 73 2.777806
48 74 2.521828
48 75 3.384874
48 76 3.202526
48 77 3.370185
48 78 3.907370
48 79 3.534423
48 80 2.591799
48 81 2.670444
48 82 3.207656
48 83 2.923851
48 84 4.121571
48 85 3.560985
48 86 8.056497
48 87 9.919426
48 88 12.772638
48 89 14.840259
48 90 16.288677
48 91 20.012915
48 92 12.116594
48 93 11.732554
48 94 12.676847
48 95 10.957776
48 96 6.128471
48 97 8.141128
48 98 8.763931
48 99 6.050733
48 100 3.939616
48 101 6.057335
48 102 6.543516
48 103 3.674495
48 104 4.799179
48 105 10.086449
49 50 1.299620
49 51 2.299407
49 52 2.392725
49 53 2.398624
49 54 3.274486
49 55 4.009596
49 56 6.770418
49 57 3.217942
49 58 8.347930
49 59 9.020818
49 60 12.061107
49 61 12.553176
49 62 15.740434
49 63 16.397057
49 64 17.000227
49 65 20.496447
49 66 12.098367
49 67 13.770645
49 68 12.972755
49 69 10.711429
49 70 6.903926
49 71 3.751797
49 72 3.097892
49 73 2.878170
49 74 2.493843
49 75 2.698473
49 76 2.862796
49 77 3.499744
49 78 2.605878
49 79 2.658003
49 80 3.563001
49 81 4.411193
49 82 5.869428
49 83 3.194111
49 84 9.610321
49 85 5.807153
49 86 12.774646
49 87 14.101385
49 88 17.050602
49 89 21.014256
49 90 16.343803
49 91 17.038954
49 92 13.533324
49 93 12.191179
49 94 12.758269
49 95 10.930757
49 96 8.183018
49 97 7.338175
49 98 9.321729
49 99 6.562797
49 100 3.756227
49 101 6.051696
49 102 7.927924
49 103 4.471686
49 104 3.437312
49 105 7.540345
50 51 1.134159
50 52 2.548112
50 53 2.542774
50 54 3.299750
50 55 3.250467
50 56 4.288904
50 57 4.092407
50 58 4.004034
50 59 5.302188
50 60 9.557762
50 61 9.499592
50 62 12.077815
50 63 12.272909
50 64 12.594400
50 65 12.187719
50 66 10.415849
50 67 10.010395
50 68 10.299737
50 69 7.338461
50 70 3.780926
50 71 3.211002
50 72 3.233685
50 73 3.202798
50 74 3.358884
50 75 3.078945
50 76 3.234508
50 77 4.614544
50 78 3.961668
50 79 4.419870
50 80 5.740737
50 81 5.444270
50 82 4.901448
50 83 3.208040
50 84 3.977097
50 85 3.508367
50 86 7.797525
50 87 10.901979
50 88 13.417695
50 89 12.895454
50 90 11.738710
50 91 12.318204
50 92 10.270134
50 93 7.461006
50 94 8.417883
50 95 7.940489
50 96 5.579647
50 97 3.941896
50 98 6.607973
50 99 4.193409
50 100 3.003822
50 101 3.555721
50 102 4.932476
50 103 2.642403
50 104 2.804754
50 105 4.846140
51 52 1.268783
51 53 2.408633
51 54 2.493460
51 55 3.163336
51 56 3.110795
51 57 3.274736
51 58 5.959465
51 59 6.729079
51 60 10.080195
51 61 12.201531
51 62 10.725470
51 63 12.498894
51 64 12.649220
51 65 10.484186
51 66 7.042904
51 67 7.631041
51 68 7.964275
51 69 4.321846
51 70 3.107460
51 71 2.698840
51 72 3.380872
51 73 3.163457
51 74 3.274987
51 75 2.699974
51 76 2.848758
51 77 3.532611
51 78 4.205964
51 79 2.490870
51 80 6.123303
51 81 3.533029
51 82 3.152605
51 83 3.562055
51 84 6.570385
51 85 6.868920
51 86 8.988026
51 87 9.869469
51 88 13.042050
51 89 11.484275
51 90 10.647102
51 91 12.347067
51 92 10.504558
51 93 6.296362
51 94 8.169558
51 95 10.729546
51 96 7.668518
51 97 4.917206
51 98 6.703850
51 99 5.058538
51 100 3.541779
51 101 2.530529
51 102 2.527226
51 103 2.480327
51 104 2.322695
51 105 3.359673
52 53 1.288748
52 54 2.480951
52 55 2.766004
52 56 3.039947
52 57 3.001032
52 58 5.335894
52 59 8.068976
52 60 8.087523
52 61 11.737858
52 62 11.217117
52 63 9.285985
52 64 9.859792
52 65 8.055626
52 66 4.569106
52 67 4.776728
52 68 5.474310
52 69 2.745027
52 70 3.322709
52 71 3.681650
52 72 3.228052
52 73 2.635126
52 74 2.347764
52 75 2.341347
52 76 2.604780
52 77 2.767706
52 78 3.479610
52 79 2.996148
52 80 3.306114
52 81 5.383376
52 82 6.171512
52 83 4.299200
52 84 8.917887
52 85 6.933156
52 86 8.564822
52 87 8.448919
52 88 10.917314
52 89 8.318639
52 90 6.645348
52 91 8.868428
52 92 8.151825
52 93 3.467966
52 94 4.292666
52 95 7.939320
52 96 6.516793
52 97 3.192806
52 98 6.567473
52 99 8.635591
52 100 5.489162
52 101 3.723575
52 102 7.087814
52 103 3.920885
52 104 2.831625
52 105 5.032041
53 54 1.294323
53 55 2.628757
53 56 2.690981
53 57 3.169500
53 58 3.529518
53 59 5.903869
53 60 7.669535
53 61 8.285140
53 62 10.793111
53 63 9.753622
53 64 9.140765
53 65 6.469071
53 66 3.040299
53 67 3.647933
53 68 5.345189
53 69 2.916173
53 70 4.251337
53 71 3.185546
53 72 2.734951
53 73 2.724070
53 74 2.002892
53 75 2.816166
53 76 3.198423
53 77 4.021083
53 78 3.951223
53 79 3.257244
53 80 5.298620
53 81 2.294955
53 82 3.238363
53 83 3.023244
53 84 6.940625
53 85 5.930781
53 86 8.303427
53 87 9.241247
53 88 11.923541
53 89 9.282232
53 90 7.133605
53 91 10.333469
53 92 9.075509
53 93 5.012466
53 94 6.321897
53 95 8.289574
53 96 4.962417
53 97 3.187995
53 98 6.021518
53 99 5.249367
53 100 2.575330
53 101 3.578952
53 102 5.650512
53 103 3.244418
53 104 2.440521
53 105 5.388958
54 55 1.291899
54 56 2.796925
54 57 3.204762
54 58 3.105558
54 59 4.356374
54 60 5.408413
54 61 6.118848
54 62 6.263873
54 63 5.770928
54 64 5.561665
54 65 5.019265
54 66 2.826754
54 67 3.612803
54 68 7.003863
54 69 4.499930
54 70 2.956291
54 71 2.514555
54 72 2.661980
54 73 2.490454
54 74 2.088194
54 75 2.550000
54 76 4.266928
54 77 3.377808
54 78 3.105030
54 79 4.042945
54 80 4.752205
54 81 5.447037
54 82 4.839530
54 83 5.333869
54 84 6.926495
54 85 6.465459
54 86 8.100900
54 87 8.460548
54 88 11.649962
54 89 10.026732
54 90 8.468088
54 91 10.642994
54 92 9.184982
54 93 4.887152
54 94 7.485709
54 95 7.788639
54 96 4.473728
54 97 2.502068
54 98 5.827912
54 99 5.638300
54 100 2.369271
54 101 3.249977
54 102 5.255586
54 103 4.690445
54 104 3.071024
54 105 8.038046
55 56 1.299092
55 57 2.388570
55 58 3.047508
55 59 4.733690
55 60 7.989775
55 61 3.355843
55 62 6.414500
55 63 6.486696
55 64 5.744040
55 65 8.923165
55 66 4.576072
55 67 5.101824
55 68 3.786317
55 69 3.177720
55 70 2.995156
55 71 2.259278
55 72 3.029940
55 73 2.495200
55 74 3.253561
55 75 2.627033
55 76 4.549643
55 77 3.278850
55 78 3.061831
55 79 3.206807
55 80 7.247126
55 81 6.377867
55 82 6.461344
55 83 5.618367
55 84 7.237831
55 85 4.048531
55 86 6.775201
55 87 6.830172
55 88 9.484713
55 89 6.499355
55 90 4.836047
55 91 6.952217
55 92 6.594113
55 93 3.219061
55 94 4.048401
55 95 6.341631
55 96 4.022192
55 97 2.729382
55 98 4.856190
55 99 5.929416
55 100 2.987774
55 101 2.789808
55 102 4.991544
55 103 5.999796
55 104 3.328952
55 105 7.080523
56 57 1.269845
56 58 2.438129
56 59 2.718143
56 60 5.861606
56 61 1.325825
56 62 3.202078
56 63 3.235378
56 64 2.813298
56 65 4.414221
56 66 2.724512
56 67 6.483196
56 68 3.159825
56 69 2.694283
56 70 2.617680
56 71 2.329578
56 72 2.928806
56 73 2.519596
56 74 3.285207
56 75 3.244319
56 76 5.884952
56 77 5.510354
56 78 3.631409
56 79 3.126976
56 80 6.166677
56 81 4.732623
56 82 2.005846
56 83 3.419082
56 84 5.035669
56 85 5.742419
56 86 7.423638
56 87 7.799522
56 88 10.097633
56 89 7.933853
56 90 6.824539
56 91 8.987600
56 92 9.147858
56 93 2.589990
56 94 6.884525
56 95 7.590050
56 96 3.953487
56 97 2.772683
56 98 5.511826
56 99 6.385301
56 100 2.916357
56 101 2.495026
56 102 5.798320
56 103 4.447762
56 104 3.011803
56 105 7.013375
57 58 1.278269
57 59 2.617914
57 60 4.702268
57 61 1.324645
57 62 2.705978
57 63 1.314801
57 64 1.329916
57 65 4.137839
57 66 3.731746
57 67 3.280124
57 68 2.675330
57 69 2.251755
57 70 2.973984
57 71 2.327230
57 72 2.811890
57 73 2.631013
57 74 4.773396
57 75 3.067063
57 76 7.348037
57 77 8.010804
57 78 3.313908
57 79 3.490623
57 80 4.844274
57 81 5.941029
57 82 3.711693
57 83 6.392871
57 84 3.523180
57 85 5.880261
57 86 7.290065
57 87 7.168695
57 88 8.992013
57 89 5.862391
57 90 3.930031
57 91 6.089595
57 92 6.468229
57 93 2.517302
57 94 2.367160
57 95 5.794806
57 96 6.704899
57 97 2.406957
57 98 4.299255
57 99 7.401877
57 100 3.897544
57 101 2.419243
57 102 7.223516
57 103 6.696952
57 104 3.222803
57 105 9.099664
58 59 1.287845
58 60 2.374747
58 61 1.303136
58 62 1.286643
58 63 1.309160
58 64 2.585459
58 65 2.837862
58 66 2.792743
58 67 2.562383
58 68 2.886969
58 69 2.486841
58 70 3.278308
58 71 2.669967
58 72 3.564063
58 73 3.113614
58 74 3.367187
58 75 2.634792
58 76 9.085799
58 77 10.948478
58 78 5.113609
58 79 6.683344
58 80 9.198309
58 81 7.261815
58 82 3.375072
58 83 5.612406
58 84 2.576652
58 85 4.019481
58 86 4.495595
58 87 7.489781
58 88 9.296989
58 89 6.626450
58 90 3.975417
58 91 6.934982
58 92 7.258620
58 93 2.601092
58 94 2.824604
58 95 6.022752
58 96 4.097386
58 97 2.652896
58 98 3.967434
58 99 6.564537
58 100 3.159709
58 101 2.752639
58 102 6.108521
58 103 7.099127
58 104 3.571953
58 105 13.118638
59 60 1.280352
59 61 1.276289
59 62 2.556092
59 63 1.322855
59 64 2.933136
59 65 4.059489
59 66 2.851522
59 67 3.290708
59 68 3.127876
59 69 2.458315
59 70 2.644178
59 71 2.643049
59 72 3.367356
59 73 3.165210
59 74 4.374199
59 75 4.843965
59 76 8.419124
59 77 7.186059
59 78 7.341313
59 79 10.016168
59 80 4.926100
59 81 7.011757
59 82 4.602146
59 83 5.974742
59 84 3.274893
59 85 5.407746
59 86 6.196758
59 87 7.783590
59 88 9.876460
59 89 7.731022
59 90 3.372538
59 91 8.196090
59 92 9.556416
59 93 3.313219
59 94 4.761072
59 95 8.535132
59 96 5.535686
59 97 3.815794
59 98 6.065684
59 99 6.529011
59 100 3.335633
59 101 3.171803
59 102 6.397063
59 103 6.959716
59 104 3.370478
59 105 16.450101
60 61 1.321491
60 62 2.946267
60 63 2.852886
60 64 3.723791
60 65 3.629243
60 66 2.507252
60 67 3.234438
60 68 2.757467
60 69 2.713633
60 70 3.185067
60 71 2.893706
60 72 3.054873
60 73 2.576654
60 74 4.855367
60 75 3.914831
60 76 7.717807
60 77 12.423184
60 78 8.139008
60 79 11.063142
60 80 9.548942
60 81 9.138228
60 82 5.358039
60 83 6.711784
60 84 5.212897
60 85 6.566289
60 86 6.134830
60 87 7.895555
60 88 7.942043
60 89 7.769044
60 90 2.491020
60 91 6.925713
60 92 8.299848
60 93 3.121181
60 94 4.337309
60 95 6.875911
60 96 7.845379
60 97 3.293239
60 98 6.729637
60 99 9.522019
60 100 6.887433
60 101 5.804437
60 102 10.381987
60 103 11.550058
60 104 7.660905
60 105 22.443180
61 62 1.231366
61 63 2.586269
61 64 2.621139
61 65 2.518193
61 66 2.540581
61 67 2.932786
61 68 2.893688
61 69 2.434102
61 70 3.378988
61 71 2.817614
61 72 5.223115
61 73 2.411229
61 74 7.624721
61 75 9.910050
61 76 12.759764
61 77 10.557922
61 78 9.765426
61 79 8.028479
61 80 4.272074
61 81 8.086803
61 82 5.643281
61 83 6.250719
61 84 2.372018
61 85 5.432276
61 86 2.797961
61 87 5.782871
61 88 5.870809
61 89 7.687975
61 90 3.660506
61 91 8.892927
61 92 9.196191
61 93 2.676112
61 94 6.294029
61 95 8.659804
61 96 7.898197
61 97 3.352596
61 98 6.364364
61 99 8.543650
61 100 7.571358
61 101 2.990782
61 102 8.643067
61 103 11.067839
61 104 8.215796
61 105 13.806598
62 63 1.295779
62 64 2.150100
62 65 2.372945
62 66 2.199035
62 67 2.804056
62 68 2.605835
62 69 2.987331
62 70 2.987242
62 71 2.787899
62 72 3.880323
62 73 3.299853
62 74 6.186195
62 75 3.004207
62 76 13.661370
62 77 8.457295
62 78 8.884272
62 79 7.274898
62 80 2.675876
62 81 6.409667
62 82 3.420666
62 83 6.291217
62 84 2.485862
62 85 5.766865
62 86 3.627330
62 87 7.406381
62 88 4.323589
62 89 6.287792
62 90 3.203898
62 91 6.702708
62 92 8.603172
62 93 3.316549
62 94 5.261073
62 95 7.357737
62 96 7.841445
62 97 3.231992
62 98 6.281482
62 99 9.241150
62 100 8.714630
62 101 7.092504
62 102 10.688507
62 103 13.223035
62 104 12.048454
62 105 21.344561
63 64 0.746151
63 65 2.322541
63 66 2.197178
63 67 1.217583
63 68 2.748377
63 69 2.528913
63 70 3.287856
63 71 2.540707
63 72 3.951848
63 73 2.893934
63 74 7.566215
63 75 6.300856
63 76 9.457097
63 77 9.328706
63 78 10.162797
63 79 6.945105
63 80 6.967520
63 81 6.782604
63 82 3.827758
63 83 6.019097
63 84 2.707264
63 85 3.347816
63 86 3.029715
63 87 5.723497
63 88 3.288554
63 89 6.253681
63 90 3.098819
63 91 7.238519
63 92 8.388003
63 93 2.500740
63 94 7.169909
63 95 9.871186
63 96 8.503270
63 97 3.276263
63 98 8.714368
63 99 11.359272
63 100 9.818062
63 101 8.522550
63 102 10.601667
63 103 15.066066
63 104 13.183070
63 105 24.162536
64 65 1.259259
64 66 2.531743
64 67 2.346545
64 68 2.854717
64 69 2.939318
64 70 3.387729
64 71 2.708481
64 72 4.822973
64 73 3.994435
64 74 6.781354
64 75 7.772954
64 76 9.802637
64 77 13.197495
64 78 13.125704
64 79 7.436407
64 80 7.476600
64 81 6.924470
64 82 3.402260
64 83 3.995818
64 84 2.701364
64 85 4.235347
64 86 2.796095
64 87 3.148446
64 88 2.727149
64 89 3.769148
64 90 3.001331
64 91 5.033294
64 92 6.561314
64 93 3.262539
64 94 3.868526
64 95 6.467633
64 96 7.615098
64 97 3.549349
64 98 7.612220
64 99 10.435305
64 100 9.577099
64 101 8.873926
64 102 12.429067
64 103 15.392394
64 104 11.928888
64 105 25.990459
65 66 1.301886
65 67 2.479111
65 68 2.485461
65 69 2.769820
65 70 2.794778
65 71 2.951358
65 72 6.662143
65 73 6.801643
65 74 10.188235
65 75 11.047135
65 76 12.467069
65 77 14.742757
65 78 10.684424
65 79 11.024543
65 80 12.657651
65 81 9.620458
65 82 6.872434
65 83 6.326648
65 84 3.722683
65 85 6.484062
65 86 2.754664
65 87 2.982635
65 88 2.706277
65 89 4.573312
65 90 2.657897
65 91 4.956344
65 92 7.706372
65 93 2.604908
65 94 5.944482
65 95 9.597015
65 96 10.099013
65 97 6.169382
65 98 11.620585
65 99 13.961988
65 100 11.360903
65 101 11.609668
65 102 13.686146
65 103 20.614588
65 104 14.849024
65 105 24.868968
66 67 1.205422
66 68 2.398670
66 69 2.236927
66 70 3.140404
66 71 3.322929
66 72 8.369823
66 73 8.544763
66 74 12.704771
66 75 12.249827
66 76 16.603597
66 77 21.112333
66 78 14.129175
66 79 11.932798
66 80 14.285033
66 81 11.618910
66 82 7.926413
66 83 7.999918
66 84 3.413896
66 85 3.748529
66 86 2.498415
66 87 2.364415
66 88 2.665540
66 89 3.470436
66 90 2.860918
66 91 5.294861
66 92 6.659946
66 93 2.395729
66 94 3.679003
66 95 8.372754
66 96 7.438747
66 97 5.271751
66 98 9.404756
66 99 12.155246
66 100 11.706149
66 101 9.328733
66 102 12.223854
66 103 20.333451
66 104 20.319849
66 105 25.585837
67 68 1.302081
67 69 2.611171
67 70 2.988433
67 71 3.158728
67 72 7.470853
67 73 8.098027
67 74 10.885833
67 75 14.349288
67 76 20.924420
67 77 21.944055
67 78 18.057304
67 79 18.304123
67 80 13.398396
67 81 12.807712
67 82 8.414903
67 83 7.151287
67 84 4.143378
67 85 3.475366
67 86 2.465174
67 87 2.375655
67 88 2.581395
67 89 3.143948
67 90 2.740938
67 91 4.776563
67 92 5.502369
67 93 2.753920
67 94 3.829407
67 95 8.184179
67 96 7.581677
67 97 5.624620
67 98 9.571252
67 99 12.279485
67 100 10.463213
67 101 10.250488
67 102 13.662754
67 103 16.557919
67 104 14.246640
67 105 24.255226
68 69 1.272266
68 70 3.023805
68 71 2.501866
68 72 6.180076
68 73 4.301140
68 74 9.505484
68 75 12.558842
68 76 14.979218
68 77 21.489437
68 78 17.316815
68 79 13.410899
68 80 12.455818
68 81 10.268501
68 82 7.058342
68 83 3.764611
68 84 3.679917
68 85 2.831359
68 86 2.349868
68 87 2.381222
68 88 2.759985
68 89 2.863260
68 90 2.602626
68 91 5.188303
68 92 4.996705
68 93 2.588210
68 94 3.301058
68 95 6.050457
68 96 3.969013
68 97 3.806517
68 98 6.550106
68 99 9.055231
68 100 7.303447
68 101 7.689072
68 102 12.623190
68 103 12.800826
68 104 11.395680
68 105 21.760388
69 70 1.299793
69 71 2.366749
69 72 5.596660
69 73 6.791402
69 74 10.345157
69 75 10.816175
69 76 14.422928
69 77 12.432909
69 78 11.863489
69 79 10.200950
69 80 7.710358
69 81 7.342851
69 82 3.188739
69 83 3.045496
69 84 2.750544
69 85 2.561081
69 86 2.032659
69 87 3.283582
69 88 3.106979
69 89 3.499177
69 90 2.797105
69 91 5.190663
69 92 5.420913
69 93 2.513765
69 94 4.121784
69 95 6.356036
69 96 3.384829
69 97 3.407443
69 98 6.666879
69 99 7.605780
69 100 4.560212
69 101 8.094305
69 102 10.971420
69 103 11.457160
69 104 8.612062
69 105 20.146132
70 71 1.280023
70 72 2.875729
70 73 4.044957
70 74 6.631179
70 75 9.839636
70 76 12.564034
70 77 9.155440
70 78 11.043151
70 79 7.795143
70 80 7.384482
70 81 3.887402
70 82 3.512623
70 83 2.727742
70 84 2.819350
70 85 2.402721
70 86 3.129944
70 87 2.576157
70 88 2.645459
70 89 3.068857
70 90 3.038733
70 91 5.504114
70 92 4.112444
70 93 2.577140
70 94 3.067927
70 95 5.112075
70 96 2.958492
70 97 2.917308
70 98 5.409955
70 99 6.578079
70 100 3.177750
70 101 6.149100
70 102 8.809104
70 103 8.158328
70 104 7.387245
70 105 12.942416
71 72 1.297859
71 73 2.629601
71 74 4.613333
71 75 7.831120
71 76 7.646014
71 77 6.739276
71 78 6.512378
71 79 2.448285
71 80 3.641750
71 81 3.268463
71 82 2.467653
71 83 2.488169
71 84 2.533890
71 85 2.941990
71 86 3.192041
71 87 3.876401
71 88 6.640243
71 89 6.195185
71 90 6.568227
71 91 8.522541
71 92 7.532124
71 93 2.613959
71 94 6.659721
71 95 8.482196
71 96 4.553285
71 97 4.600790
71 98 7.652423
71 99 7.698270
71 100 4.123898
71 101 6.786473
71 102 9.957340
71 103 9.799086
71 104 6.098533
71 105 11.455148
72 73 1.296962
72 74 1.329056
72 75 3.999795
72 76 6.917547
72 77 3.225965
72 78 6.554319
72 79 3.359831
72 80 3.197629
72 81 2.607201
72 82 2.418680
72 83 2.326309
72 84 3.224568
72 85 2.527562
72 86 3.999286
72 87 3.070281
72 88 4.095246
72 89 6.946133
72 90 6.738454
72 91 7.379217
72 92 5.121236
72 93 2.914293
72 94 4.722010
72 95 6.207938
72 96 3.421430
72 97 3.250434
72 98 5.848831
72 99 7.236377
72 100 2.919718
72 101 5.059699
72 102 7.855835
72 103 6.160361
72 104 4.028688
72 105 9.216648
73 74 1.271409
73 75 2.843919
73 76 2.873338
73 77 2.650586
73 78 2.601983
73 79 2.655174
73 80 2.986802
73 81 2.771587
73 82 2.418555
73 83 3.134056
73 84 3.045370
73 85 4.095413
73 86 4.990625
73 87 7.380033
73 88 9.565868
73 89 11.875886
73 90 11.459137
73 91 12.315387
73 92 10.662750
73 93 6.617558
73 94 9.675106
73 95 11.055544
73 96 8.108909
73 97 5.965114
73 98 9.102539
73 99 10.579416
73 100 5.493420
73 101 6.584966
73 102 10.815444
73 103 8.768780
73 104 5.942351
73 105 9.854218
74 75 1.286744
74 76 2.531825
74 77 2.551302
74 78 2.480452
74 79 2.363604
74 80 2.567693
74 81 2.351554
74 82 2.869737
74 83 2.662952
74 84 2.822222
74 85 3.296455
74 86 3.842659
74 87 7.676049
74 88 10.368814
74 89 10.728996
74 90 10.593330
74 91 12.028516
74 92 9.934383
74 93 7.377585
74 94 9.161676
74 95 10.288080
74 96 6.892707
74 97 6.786173
74 98 9.179202
74 99 7.965060
74 100 3.538875
74 101 7.100643
74 102 9.761695
74 103 8.219825
74 104 5.029417
74 105 11.187477
75 76 1.296620
75 77 1.326186
75 78 1.291284
75 79 1.312296
75 80 1.306002
75 81 1.327915
75 82 2.635069
75 83 2.663357
75 84 5.099093
75 85 4.581174
75 86 8.093850
75 87 10.100167
75 88 13.280014
75 89 12.856316
75 90 12.304195
75 91 12.500444
75 92 9.839475
75 93 7.799789
75 94 9.507024
75 95 9.483573
75 96 6.234710
75 97 6.400515
75 98 8.567215
75 99 8.902056
75 100 3.656334
75 101 6.471195
75 102 9.435219
75 103 8.716592
75 104 6.083121
75 105 10.150549
76 77 1.306437
76 78 2.766177
76 79 2.614427
76 80 2.904139
76 81 2.435447
76 82 2.750119
76 83 3.795996
76 84 5.793133
76 85 8.339359
76 86 10.154595
76 87 13.771685
76 88 17.050542
76 89 20.177605
76 90 15.844803
76 91 16.451766
76 92 14.114059
76 93 11.635473
76 94 12.959489
76 95 13.475012
76 96 9.994341
76 97 9.288334
76 98 11.554816
76 99 11.686308
76 100 7.578249
76 101 6.511798
76 102 11.034441
76 103 10.777748
76 104 9.242047
77 78 1.302703
77 79 2.502329
77 80 2.768100
77 81 2.774316
77 82 3.630139
77 83 3.188023
77 84 6.925228
77 85 6.492773
77 86 12.945261
77 87 16.323122
77 88 22.281511
77 89 23.109154
77 90 21.587041
77 91 22.272862
77 92 20.074574
77 93 14.284326
77 94 15.309793
77 95 14.655422
77 96 11.155516
77 97 11.638191
77 98 13.537331
77 99 11.861681
77 100 7.820231
77 101 8.015709
77 102 12.238389
77 103 10.778894
77 104 8.117874
78 79 1.288501
78 80 2.467988
78 81 2.446908
78 82 4.467066
78 83 3.536208
78 84 7.606702
78 85 7.883141
78 86 10.025335
78 87 12.849503
78 88 14.250322
78 89 22.625167
78 90 23.027941
78 91 23.379906
78 92 21.127442
78 93 15.633784
78 94 16.217705
78 95 15.734396
78 96 12.488164
78 97 12.208064
78 98 13.805207
78 99 11.982425
78 100 7.979761
78 101 9.700635
78 102 11.581830
78 103 8.298159
78 104 6.820332
78 105 13.294037
79 80 1.200978
79 81 1.285758
79 82 2.605909
79 83 2.994427
79 84 5.139359
79 85 7.312920
79 86 10.667707
79 87 14.039350
79 88 21.014586
79 89 24.039031
79 90 23.106855
79 91 24.371896
79 92 22.288607
79 93 12.447291
79 94 20.128319
79 95 21.321398
79 96 14.377773
79 97 11.103461
79 98 14.968687
79 99 15.025438
79 100 10.457398
79 101 9.937900
79 102 14.549611
79 103 11.427276
79 104 9.294378
79 105 12.772631
80 81 1.302351
80 82 2.567245
80 83 2.456222
80 84 4.578308
80 85 8.669654
80 86 12.156194
80 87 15.295754
80 88 20.524747
80 89 23.495592
80 90 23.434144
80 91 25.347095
80 92 22.313826
80 93 20.043717
80 94 21.242499
80 95 21.901138
80 96 14.557922
80 97 13.392499
80 98 16.301455
80 99 14.954133
80 100 10.610088
80 101 12.519261
80 102 14.252630
80 103 11.776246
80 104 8.837053
80 105 16.080175
81 82 1.237620
81 83 1.328625
81 84 3.757958
81 85 6.559037
81 86 10.759787
81 87 13.729964
81 88 20.036582
81 89 21.403464
81 90 20.215100
81 91 22.004987
81 92 17.167640
81 93 13.211782
81 94 15.735516
81 95 17.090284
81 96 11.556682
81 97 11.688930
81 98 14.924281
81 99 13.993541
81 100 8.057084
81 101 10.958621
81 102 14.726755
81 103 12.404285
81 104 9.746762
81 105 14.581608
82 83 1.263053
82 84 2.509035
82 85 4.274298
82 86 8.100755
82 87 10.784366
82 88 12.689643
82 89 14.616316
82 90 12.771307
82 91 20.127147
82 92 12.691140
82 93 10.855378
82 94 14.020154
82 95 13.533570
82 96 10.146092
82 97 9.793824
82 98 12.691784
82 99 12.615684
82 100 7.258053
82 101 11.539407
82 102 14.393933
82 103 12.880746
82 104 10.946687
82 105 16.138312
83 84 1.267885
83 85 2.809688
83 86 6.097397
83 87 8.737065
83 88 10.805162
83 89 12.522790
83 90 12.959327
83 91 13.894674
83 92 10.731681
83 93 6.905517
83 94 11.229711
83 95 11.278955
83 96 4.112514
83 97 7.145065
83 98 11.243245
83 99 10.325774
83 100 4.515785
83 101 9.399811
83 102 11.951895
83 103 9.178922
83 104 8.229586
83 105 14.207161
84 85 1.290702
84 86 2.586696
84 87 6.337066
84 88 9.060920
84 89 11.118805
84 90 11.778144
84 91 12.582696
84 92 7.966903
84 93 5.330739
84 94 10.084678
84 95 11.497961
84 96 7.170200
84 97 8.371599
84 98 11.968767
84 99 11.905708
84 100 6.402648
84 101 11.399433
84 102 14.096199
84 103 13.081822
84 104 12.073126
84 105 17.402311
85 86 1.296964
85 87 2.665314
85 88 5.484344
85 89 6.925724
85 90 7.128447
85 91 8.171317
85 92 3.134354
85 93 2.591525
85 94 5.678683
85 95 6.314487
85 96 3.287182
85 97 4.100388
85 98 6.575043
85 99 7.230790
85 100 2.877506
85 101 7.350605
85 102 9.938025
85 103 9.740878
85 104 8.516529
85 105 14.435691
86 87 1.288179
86 88 2.893810
86 89 5.071330
86 90 6.716580
86 91 6.000322
86 92 2.550267
86 93 3.099877
86 94 7.818145
86 95 7.388149
86 96 3.145131
86 97 7.631883
86 98 11.308757
86 99 11.443604
86 100 7.373850
86 101 12.020747
86 102 15.317292
86 103 14.528725
86 104 13.241484
86 105 20.796519
87 88 1.262608
87 89 2.570187
87 90 4.606186
87 91 3.471740
87 92 2.418407
87 93 2.560992
87 94 5.168115
87 95 5.675052
87 96 2.683826
87 97 5.574628
87 98 8.300502
87 99 8.396147
87 100 5.173418
87 101 10.569247
87 102 12.732334
87 103 12.423146
87 104 12.095769
87 105 20.727594
88 89 1.299834
88 90 3.303782
88 91 2.787481
88 92 2.402876
88 93 3.642648
88 94 6.341565
88 95 5.166642
88 96 3.433651
88 97 8.442355
88 98 10.893801
88 99 9.974424
88 100 9.405881
88 101 14.076459
88 102 15.464407
88 103 12.503051
88 104 20.721029
88 105 23.914846
89 90 1.297002
89 91 2.505388
89 92 2.225557
89 93 2.610988
89 94 4.632222
89 95 4.107835
89 96 5.970656
89 97 7.850141
89 98 9.895740
89 99 10.932517
89 100 10.651938
89 101 12.485851
89 102 14.981424
89 103 20.251946
89 104 21.146649
89 105 23.525781
90 91 1.264109
90 92 2.266155
90 93 2.397144
90 94 0.769321
90 95 4.372192
90 96 6.326589
90 97 4.227824
90 98 6.783771
90 99 10.000011
90 100 10.304928
90 101 9.696949
90 102 12.967389
90 103 15.588610
90 104 15.019784
90 105 21.271542
91 92 1.124649
91 93 2.494375
91 94 2.471726
91 95 2.234991
91 96 4.323834
91 97 6.100041
91 98 5.322306
91 99 6.951918
91 100 9.653046
91 101 10.021299
91 102 9.859347
91 103 12.492940
91 104 14.172147
91 105 20.306906
92 93 1.294488
92 94 2.723984
92 95 2.571927
92 96 2.256927
92 97 4.324606
92 98 6.033059
92 99 5.789654
92 100 7.221507
92 101 9.392822
92 102 10.187661
92 103 11.160978
92 104 12.997364
92 105 14.357833
93 94 1.294153
93 95 2.663379
93 96 2.520494
93 97 2.552184
93 98 3.601669
93 99 5.899676
93 100 5.461860
93 101 5.285153
93 102 9.518067
93 103 10.972746
93 104 10.851842
93 105 11.662447
94 95 1.258826
94 96 2.548853
94 97 2.775175
94 98 2.284602
94 99 4.181159
94 100 6.244244
94 101 5.568312
94 102 6.822482
94 103 9.643333
94 104 10.284003
94 105 9.320570
95 96 1.288251
95 97 2.552092
95 98 2.609020
95 99 2.367134
95 100 4.280967
95 101 5.966173
95 102 4.455935
95 103 7.072427
95 104 9.521376
95 105 9.236825
96 97 1.274172
96 98 2.629853
96 99 2.538138
96 100 2.412829
96 101 3.690442
96 102 5.734549
96 103 6.316672
96 104 6.666784
96 105 8.997432
97 98 1.275877
97 99 2.621603
97 100 2.367877
97 101 2.353740
97 102 3.617316
97 103 5.804279
97 104 5.845136
97 105 6.260087
98 99 1.289139
98 100 2.717606
98 101 2.585903
98 102 2.339467
98 103 4.417029
98 104 5.819312
98 105 4.549435
99 100 1.300372
99 101 2.670312
99 102 2.182775
99 103 2.443375
99 104 4.465157
99 105 6.507142
100 101 1.304529
100 102 2.570243
100 103 2.393399
100 104 2.396184
100 105 4.494470
101 102 1.293613
101 103 2.291686
101 104 2.375718
101 105 2.577491
102 103 1.283333
102 104 2.413672
102 105 2.264083
103 104 1.304086
103 105 2.645082
104 105 1.306037
