2 56 1.703
9 10 1.308
17 19 2.422
23 31 3.791
25 28 2.473
36 38 2.674
36 43 2.83
35 55 1.366
20 35 2.383
21 36 2.231
15 16 1.304
18 19 1.306
32 48 3.212
34 46 2.303
26 28 1.948
45 47 3.851
22 24 2.768
58 61 1.816
25 26 1.317
22 34 2.172
1 57 2.331
38 43 1.844
36 46 1.891
1 61 2.492
27 31 3.243
45 62 1.793
34 48 1.958
44 63 1.841
8 12 1.841
5 37 3.451
61 65 2.102
19 38 2.45
39 44 2.84
40 41 1.327
17 18 1.307
16 18 2.078
44 45 1.305
50 54 1.897
47 49 1.783
26 29 2.931
19 36 1.748
43 46 3.388
6 18 2.375
54 58 1.824
29 50 2.303
24 34 4.646
66 67 1.33
3 7 1.752
9 13 2.483
47 59 2.441
8 9 1.31
3 57 5.291
45 63 2.113
37 45 1.738
14 40 2.806
18 20 3.854
3 6 2.53
1 64 1.916
20 23 3.307
9 12 3.151
8 10 2.961
14 15 1.306
2 6 1.936
42 44 2.217
47 62 4.037
11 12 1.308
3 53 9.437
10 11 1.312
4 64 1.871
37 52 9.264
51 54 1.898
43 45 2.412
62 65 1.854
26 27 1.31
58 62 2.082
10 12 2.754
6 56 7.188
16 17 1.308
49 50 1.304
1 53 7.088
14 16 2.099
14 17 5.75
59 60 1.311
27 28 1.307
7 10 2.897
28 29 1.307
5 60 2.25
19 20 1.306
17 41 4.895
9 39 3.459
40 42 2.956
28 31 3.156
59 64 4.422
4 61 5.417
12 13 1.314
24 32 2.144
6 7 1.311
49 58 3.467
26 37 16.71
2 5 2.18
42 43 1.314
1 2 1.311
19 21 2.874
55 60 4.388
4 8 1.723
56 57 1.31
44 46 1.328
35 56 2.079
25 29 1.954
52 56 2.114
5 67 3.765
32 50 1.953
46 48 3.923
26 31 3.025
47 58 1.871
25 27 2.312
17 20 5.785
38 41 2.903
37 63 2.421
6 10 1.81
45 66 3.39
24 27 5.528
2 3 1.31
25 30 3.807
31 52 5.72
39 40 1.327
31 33 3.294
62 66 2.911
27 29 2.963
15 17 2.278
13 39 3.625
46 47 1.31
61 62 1.312
9 16 2.169
39 42 1.592
8 11 2.773
4 54 13.03
24 48 7.758
8 64 3.967
21 35 3.139
5 55 8.902
39 63 2.205
6 60 6.227
55 59 1.908
33 57 8.319
50 51 1.31
15 53 14.77
5 63 2.418
2 60 3.066
19 22 6.302
25 31 1.529
34 36 3.162
11 14 2.256
2 57 2.875
47 48 1.309
32 34 2.209
23 26 6.573
54 57 3.026
15 27 26.19
8 13 3.365
55 67 13.8
11 53 22.86
16 37 3.616
21 46 2.552
41 43 3.271
18 25 9.619
42 63 3.717
49 51 3.087
5 39 4.024
49 52 2.909
18 28 12.45
1 16 5.639
42 45 5.573
14 19 10.68
28 30 3.294
65 66 1.33
5 53 10.53
33 52 2.446
16 20 9.37
60 67 7.057
28 33 2.224
11 13 2.439
42 66 3.764
56 59 2.343
22 23 1.311
38 44 1.955
53 57 2.094
43 63 2.916
52 67 21.99
41 42 1.306
44 47 4.462
49 59 4.557
64 65 1.326
21 23 3.314
35 64 10.45
31 37 9.499
20 22 2.229
29 32 1.322
46 62 1.776
6 49 16.08
51 60 10.41
13 14 1.307
21 34 2.107
33 55 2.841
26 52 9.062
4 13 8.857
6 9 2.841
20 25 4.633
35 47 1.833
22 32 3.544
33 60 10.5
52 57 4.736
11 16 4.91
18 22 8.652
5 64 1.895
53 56 1.893
5 59 4.941
27 32 3.035
6 8 3.088
33 59 7.106
55 56 1.296
48 58 2.548
43 44 1.307
50 65 20.35
2 35 5.903
12 42 6.27
7 57 10.99
23 52 5.922
6 51 17.15
7 28 26.64
53 67 20.6
59 63 2.163
20 28 6.016
60 63 1.913
47 55 2.195
12 14 2.933
8 67 4.083
31 57 6.163
59 67 8.121
23 27 6.983
3 18 5.591
26 30 3.029
7 56 11.29
41 62 11.22
11 58 20.84
36 53 9.988
43 58 9.42
16 35 8.84
60 64 1.879
22 25 4.813
1 10 7.668
23 33 2.649
37 59 1.979
53 55 2.422
9 14 1.623
3 56 7.195
24 29 2.068
35 36 1.303
64 67 3.177
45 49 8.233
19 26 10.21
9 11 2.658
38 40 3.61
7 33 24.2
6 57 8.975
2 55 6.114
56 60 1.973
10 13 3.239
5 9 1.74
12 40 6.147
2 67 9.938
3 33 20.05
24 25 1.317
13 40 3.403
51 52 1.309
29 46 12.79
3 9 4.424
65 67 3.22
47 60 5.595
4 52 14.4
48 62 5.455
16 28 21.86
49 60 7.761
15 18 3.509
39 52 14.98
45 46 1.304
24 28 1.929
2 59 6.455
51 55 2.675
29 31 1.306
18 60 2.085
7 48 21.74
8 53 16.19
29 30 1.329
35 37 3.777
31 50 3.11
4 14 7.329
15 19 7.978
38 63 2.895
31 53 7.986
15 40 3.659
13 16 5.36
33 53 5.925
4 65 5.623
6 27 25.03
2 33 10.89
4 58 9.635
63 67 2.78
37 38 1.301
37 53 9.225
16 19 6.438
23 24 1.312
7 67 8.253
1 37 7.355
4 46 12.01
21 43 6.787
21 32 5.935
17 29 14.91
18 35 2.764
17 22 12.31
49 54 1.955
23 25 2.653
16 55 10.99
29 66 28.64
5 6 1.309
13 44 6.17
45 52 11.2
52 53 1.312
16 23 20.98
1 45 8.898
47 67 12.79
5 16 1.984
33 51 3.458
25 33 4.76
9 37 6.515
8 44 7.492
20 56 5.936
14 18 7.497
48 65 9.954
7 52 20.4
40 44 6.93
28 39 24.21
2 45 9.841
10 15 2.716
17 38 1.753
21 25 7.426
42 65 8.194
15 23 23.4
40 45 10.61
30 50 4.006
1 4 2.232
4 50 21.29
44 66 2.783
38 66 7.94
32 62 10.01
1 3 2.557
46 58 2.721
38 42 2.027
16 27 23.48
46 61 6.379
36 44 3.153
48 50 2.06
13 15 3.058
13 31 25.64
51 58 6.601
32 46 9.018
22 26 9.048
8 63 5.802
24 62 14.53
29 48 6.794
22 46 4.166
18 30 24.96
1 51 11.32
37 60 3.302
48 49 1.308
32 38 13.19
62 63 1.309
21 22 1.304
33 67 22.41
46 51 10.64
33 56 6.274
14 65 10.12
1 52 9.378
7 61 10.68
52 60 8.352
9 31 21.3
42 62 7.945
18 64 4.962
8 31 22.5
46 66 4.673
37 44 1.761
63 66 3.164
51 57 6.455
20 55 4.689
12 16 7.046
28 50 5.38
54 61 6.499
23 29 5.475
52 54 2.773
15 52 14.99
11 67 9.275
4 10 3.902
51 59 8.37
22 50 7.957
7 60 8.737
57 67 11.8
16 51 15.44
53 64 11.33
43 66 3.855
4 32 16.23
16 25 16.15
17 36 3.628
61 64 2.07
1 56 3.42
21 29 7.639
49 55 1.957
5 13 7.022
40 65 13.2
42 48 14.69
5 51 14.39
7 49 22.51
1 35 8.307
41 65 11.62
42 58 11.72
58 66 7.973
57 61 1.772
14 20 15.65
39 41 1.313
38 45 3.255
33 63 13.26
49 53 5.091
24 39 20.6
51 56 4.754
10 60 9.46
38 54 12.85
40 58 15.61
22 43 4.222
7 11 1.817
12 66 7.226
9 44 3.756
54 65 10.82
50 61 10.9
38 61 9.602
14 21 20.9
9 15 3.158
40 53 20.19
53 60 6.654
55 63 8.094
20 21 1.307
1 50 11.44
7 59 12.12
6 37 7.495
11 32 27.15
39 66 7.166
34 66 11.62
11 38 9.641
43 48 10.57
33 49 2.028
20 33 3.624
5 44 4.143
44 53 11.57
14 39 1.681
4 62 7.37
30 32 3.548
52 59 6.261
34 58 5.368
17 21 7.538
22 27 9.096
7 66 12.86
16 57 9.885
24 46 9.843
29 62 15.91
13 24 28.36
2 18 2.101
47 52 5.644
3 27 23.29
9 64 4.891
52 55 1.682
35 52 3.052
32 58 5.993
39 67 4.111
7 37 10.27
7 9 2.898
3 52 12.01
15 42 5.409
2 7 4.027
36 66 9.313
6 15 3.675
10 67 7.949
39 54 15.51
30 48 9.789
22 28 5.75
37 55 6.629
13 66 8.597
40 50 26.04
42 50 23.83
3 20 14.05
9 52 20.76
23 63 14.9
20 26 8.478
31 42 23.5
10 55 16.28
11 62 14.48
54 63 9.681
3 39 9.653
3 15 8.403
28 55 9.377
25 60 14.79
2 49 10.5
49 64 12.8
47 51 7.035
10 63 6.854
19 66 12.03
8 33 24.35
42 67 3.6
51 61 11.08
24 58 11.94
49 63 10.55
9 53 15.65
21 49 7.464
33 54 5.054
20 52 4.655
31 63 13.49
20 30 16.47
24 50 5.512
24 41 20.09
12 17 8.493
27 52 9.75
35 59 1.871
14 22 22.62
54 66 13.72
5 33 14.67
41 59 11.42
8 57 11.44
50 58 4.907
25 32 2.47
35 60 5.181
42 64 7.98
58 65 5.68
43 47 7.007
8 52 21.4
44 48 8.017
20 57 9.149
63 64 1.31
16 60 5.733
50 62 11.49
21 65 14.48
21 24 3.533
11 21 24.16
24 51 6.257
2 47 10.04
12 15 5.596
3 40 14.14
1 18 4.714
4 41 10.86
41 55 16.08
2 51 7.959
13 52 25.06
16 53 11.59
3 64 4.95
7 51 22.86
11 24 29.82
30 67 29.58
12 39 3.585
17 54 12.4
7 27 28.19
17 26 15.86
49 57 5.893
48 54 3.348
2 52 5.673
3 49 15.3
47 50 5.707
40 43 5.283
34 62 7.56
1 5 1.711
10 16 3.126
15 63 5.845
8 41 7.852
55 64 9.672
22 62 10.17
27 65 25.23
45 54 9.566
30 58 12.89
6 28 23.46
23 40 17.5
12 65 8.82
2 53 3.47
7 12 4.002
12 54 24.87
10 51 25.26
1 65 5.595
6 13 6.819
33 64 15.61
47 63 7.03
17 42 6.069
11 48 25.68
5 49 13.48
35 49 2.845
15 29 23.29
18 29 10.9
3 8 2.727
28 48 7.795
3 12 9.403
42 61 10.67
24 31 1.576
13 23 26.42
32 42 22.43
34 35 1.303
7 24 25.37
15 64 9.751
51 67 24.05
11 42 7.894
43 65 6.853
30 66 27.04
23 30 10.03
23 37 10.17
41 46 10.84
8 59 10.07
18 26 12.25
12 41 6.621
45 59 3.521
13 30 35.83
29 41 25.9
6 54 14.01
21 59 7.871
41 44 6.14
53 59 5.133
35 54 5.01
27 51 9.544
27 48 5.481
21 48 5.252
14 42 2.077
2 8 5.435
14 24 24.72
3 51 14.22
5 54 10.8
4 7 2.056
4 34 18.52
15 50 23.67
4 57 6.965
13 29 29.19
26 48 8.912
11 65 13.63
14 43 3.811
26 32 4.422
41 63 5.581
3 59 9.812
39 60 7.025
8 43 6.33
41 48 17.17
32 44 13.49
34 41 13.62
1 59 5.543
36 42 6.615
23 42 13.96
22 35 3.481
22 61 13.94
41 50 24.46
11 37 11.57
15 21 13.03
29 38 15.99
42 54 16.02
25 55 9.428
4 12 7.373
15 24 21.83
3 13 10.96
36 63 5.846
17 24 11.43
56 62 5.808
19 23 8.131
1 6 4.023
30 51 7.665
29 43 23.18
40 61 14.29
38 39 1.302
41 54 21.06
4 9 1.938
33 58 6.964
30 55 11.48
5 15 5.892
2 4 3.182
10 52 22.26
20 61 11.89
7 53 14.94
21 39 10.57
37 57 6.734
48 66 10.63
3 60 5.89
1 60 1.881
3 10 5.515
32 35 2.81
37 64 5.604
41 60 10.85
22 66 11.46
21 41 11.5
20 53 7.867
7 55 15.6
22 29 5.09
41 52 16.45
38 46 6.524
21 38 5.197
2 27 21.09
23 32 3.372
40 52 20.75
11 46 20.34
6 26 22.73
49 67 20.63
43 54 13.16
3 35 11.49
14 44 5.036
33 39 16.62
5 47 9.667
19 30 21.21
14 48 22.25
24 26 3.725
11 41 9.427
16 29 16.58
10 49 24.38
32 66 22.41
34 47 2.247
51 65 20.53
24 38 11.88
46 49 6.073
59 61 3.0
3 63 7.84
1 11 10.72
19 41 7.519
4 63 4.424
39 57 11.77
18 33 9.033
29 42 26.44
7 13 6.4
44 51 12.59
8 65 7.038
12 38 9.134
11 22 25.81
12 46 14.46
22 36 3.414
24 54 8.708
10 57 13.59
22 48 4.735
14 27 29.34
11 43 11.62
22 40 12.93
30 31 1.324
13 64 9.45
7 64 5.685
25 67 26.5
16 33 16.52
36 45 2.486
47 64 9.521
10 14 1.993
48 51 5.608
56 63 6.691
46 65 4.66
33 62 9.367
34 38 8.217
14 50 26.47
6 59 9.551
34 61 10.82
5 52 11.63
27 30 2.905
1 15 10.54
5 8 3.027
5 50 20.55
12 19 11.74
31 67 28.38
5 10 1.628
14 23 25.74
19 48 8.416
22 51 6.523
32 65 21.57
17 66 11.29
24 66 23.27
24 35 4.413
4 11 6.334
19 29 10.01
15 48 20.32
28 32 2.547
36 65 9.801
8 37 9.387
38 62 7.554
19 60 3.42
6 64 5.192
21 28 9.396
27 42 26.86
39 50 22.04
32 41 22.42
30 60 21.1
13 62 11.77
43 62 5.947
56 67 11.69
59 62 2.087
19 27 13.54
31 32 1.314
27 58 13.33
34 65 10.77
5 38 5.775
17 43 6.132
30 41 29.38
14 66 14.43
8 50 25.4
34 40 16.5
14 25 24.89
30 38 25.42
13 41 3.803
11 27 33.1
10 39 5.101
47 66 7.81
15 51 20.91
15 66 13.71
2 30 23.19
42 57 13.19
31 34 6.172
5 7 2.314
4 31 15.16
15 34 15.28
41 61 13.54
27 57 16.42
11 56 20.03
2 64 4.149
20 67 13.95
11 29 29.32
9 66 9.426
5 21 12.92
22 42 9.999
22 54 8.482
14 45 9.384
4 30 27.8
21 30 12.03
20 50 8.576
33 47 3.671
29 44 21.46
33 35 3.334
39 46 8.624
13 38 7.773
4 66 10.02
12 48 25.24
32 47 5.861
41 45 8.819
12 32 27.28
9 59 9.28
1 7 5.552
1 63 5.39
3 4 1.31
23 44 12.36
60 65 4.314
35 53 4.91
62 64 2.847
33 37 10.07
1 13 12.46
41 66 6.15
23 43 9.355
23 36 5.809
24 56 6.735
33 65 14.59
9 42 7.392
8 14 3.755
7 30 31.69
4 56 9.527
12 58 20.9
30 56 14.17
25 34 3.333
49 62 8.697
27 53 13.31
15 57 13.39
39 64 5.801
32 54 1.776
32 61 10.26
16 30 29.95
3 16 5.696
34 49 3.504
2 63 6.571
24 36 6.874
33 61 11.95
43 61 9.485
39 49 15.4
6 21 15.24
37 41 6.194
30 54 7.892
16 61 8.694
5 42 8.158
13 67 4.116
26 42 26.36
11 54 24.04
4 29 21.52
40 62 12.63
9 40 6.622
24 30 7.679
1 14 10.28
17 35 6.937
6 65 10.19
33 50 2.997
3 11 7.52
36 41 6.687
27 49 8.2
12 37 9.818
15 20 10.71
34 50 3.627
30 43 25.17
4 35 13.51
38 58 9.962
17 40 5.64
8 66 8.065
14 41 2.407
30 65 26.1
16 64 5.92
21 26 10.93
21 58 10.23
22 65 20.14
18 49 9.718
57 64 5.505
11 30 36.36
8 54 16.37
17 67 7.387
30 52 10.32
11 34 25.0
30 42 28.71
5 11 5.379
1 34 12.92
21 60 11.32
32 33 1.314
22 30 13.9
4 24 23.4
15 22 20.59
37 56 4.513
12 23 28.16
17 37 2.599
51 53 1.39
4 6 3.088
45 56 7.259
29 58 10.88
13 35 20.66
8 32 23.1
36 57 8.544
44 62 3.706
4 51 16.64
29 55 5.581
4 15 9.468
36 54 9.389
7 65 11.46
21 45 6.545
16 40 5.359
3 37 9.559
13 20 15.1
42 46 8.164
40 60 12.38
6 12 5.528
7 20 15.77
11 66 12.68
23 61 14.84
5 14 4.815
4 42 11.6
6 34 17.39
39 58 11.27
34 39 13.34
23 56 8.713
30 57 15.52
10 33 24.57
10 29 26.64
30 46 14.97
38 65 10.08
30 40 31.69
16 50 20.92
14 62 10.8
1 55 7.05
11 40 4.646
12 50 30.44
12 22 24.91
52 65 14.5
44 54 10.57
49 66 13.89
13 34 24.24
29 64 21.95
5 41 6.966
20 38 3.359
4 39 7.945
61 66 4.928
26 66 26.64
13 43 8.079
13 48 24.84
1 54 6.953
12 36 14.01
13 61 12.96
15 26 23.13
58 59 1.311
30 35 13.07
5 57 6.4
50 57 8.545
13 27 32.6
4 48 16.14
7 25 25.55
30 34 9.81
34 43 7.441
12 25 30.22
8 39 6.262
13 57 20.23
16 39 1.855
25 35 7.927
14 35 14.42
26 43 22.94
42 51 22.64
28 64 25.07
39 62 7.764
19 43 3.208
19 40 8.722
2 21 10.35
30 62 21.27
40 46 12.56
21 56 6.0
16 21 12.54
40 63 7.177
18 23 10.45
40 59 12.14
17 39 2.616
32 49 1.973
13 65 10.87
30 49 6.87
25 59 12.9
55 65 10.18
13 54 24.72
7 62 12.13
13 51 28.22
32 36 6.745
54 62 6.774
16 34 13.16
7 50 25.09
14 30 36.05
6 47 14.13
31 54 5.07
22 41 9.568
12 20 20.42
12 28 32.39
4 23 23.27
37 67 7.084
13 32 26.43
11 52 25.29
14 58 15.11
12 21 23.8
14 61 11.63
31 44 14.31
23 41 14.24
3 30 26.62
39 43 1.939
2 26 14.42
14 26 26.47
9 27 28.67
23 54 10.39
26 47 12.04
10 18 7.63
27 61 21.17
23 51 8.206
17 30 26.98
9 41 5.703
6 55 12.34
57 60 2.547
24 42 20.22
3 23 21.5
37 49 7.935
11 39 5.671
23 53 9.3
1 58 4.662
23 38 8.26
14 33 24.4
21 50 9.005
15 41 2.182
30 39 28.95
27 45 20.02
10 37 8.977
23 65 21.74
26 53 12.59
41 67 7.374
2 19 3.292
40 54 21.68
38 47 8.627
3 42 14.84
23 57 11.54
30 61 21.04
17 62 9.908
6 25 21.98
51 64 15.7
29 34 6.274
46 54 6.965
32 40 25.45
9 29 24.73
13 58 21.15
2 10 6.538
26 41 26.3
11 50 30.16
18 56 3.689
31 59 8.04
6 50 22.24
27 67 28.35
20 43 6.905
18 52 6.731
50 66 22.17
50 56 7.675
17 34 10.04
3 24 20.96
28 52 6.393
10 61 11.27
2 11 9.464
38 50 16.57
3 47 14.32
8 60 7.428
7 63 8.093
20 37 5.019
40 55 16.43
39 65 9.33
53 65 13.14
41 51 22.69
17 65 11.66
5 17 3.71
45 58 5.608
4 22 20.07
12 44 6.367
23 64 21.23
1 48 9.81
11 20 20.85
24 40 23.11
23 48 4.212
31 66 26.13
15 30 33.28
39 55 13.05
20 32 3.038
59 66 6.601
14 32 22.82
22 49 6.761
28 51 7.351
54 64 10.4
17 32 12.75
10 21 20.81
31 51 4.817
44 57 7.87
55 58 1.982
12 24 29.96
26 50 8.347
25 52 6.103
15 38 2.918
28 40 31.74
18 66 12.03
22 38 3.705
37 47 4.728
40 51 24.16
17 48 12.62
23 34 2.727
36 40 8.582
10 31 23.41
49 61 8.972
7 39 7.528
19 64 7.597
11 15 4.648
23 58 11.79
7 32 22.36
48 67 15.53
28 60 15.56
6 24 21.85
34 54 6.719
15 61 12.8
49 56 4.628
11 51 28.08
1 30 22.75
4 20 15.59
4 38 11.06
24 61 14.08
44 55 7.253
4 37 8.071
17 33 12.3
25 49 6.754
37 48 7.83
29 65 24.98
7 58 14.22
45 57 8.018
26 67 29.19
9 35 13.05
32 39 16.79
41 53 19.28
50 53 5.338
20 36 2.698
25 51 7.93
37 65 6.659
6 53 12.32
7 44 9.59
9 30 31.38
12 43 6.507
42 53 16.14
28 41 27.58
53 63 11.12
8 61 8.271
4 45 10.57
27 66 25.46
11 44 8.153
32 57 5.103
32 43 15.4
27 44 23.59
8 58 12.32
26 55 11.97
3 21 16.44
30 36 16.6
18 47 6.248
9 56 11.22
18 27 14.91
27 38 23.22
6 30 28.6
3 38 11.82
7 29 24.12
8 18 7.931
30 59 16.02
9 57 12.08
39 59 7.901
20 66 13.35
14 46 13.63
51 63 14.53
26 59 16.71
12 56 20.36
6 33 20.72
3 48 15.23
31 56 2.643
14 36 11.62
3 54 11.2
26 46 13.41
21 31 6.523
35 63 7.929
15 44 7.376
7 54 16.45
44 67 3.941
19 25 7.761
34 64 13.5
10 64 7.531
30 44 25.31
19 33 6.746
50 55 3.775
26 51 9.119
9 32 22.1
5 36 8.013
30 47 12.5
29 53 7.252
30 64 25.82
53 54 1.307
35 51 5.526
2 41 11.46
31 60 9.042
26 63 23.56
27 56 12.34
5 35 8.329
13 22 22.95
12 62 10.16
6 11 3.711
12 57 20.06
31 64 14.6
17 59 7.21
31 39 15.6
4 43 10.99
21 51 6.73
25 61 20.06
29 51 3.545
17 28 16.06
26 35 11.85
40 66 8.874
11 57 16.66
59 65 5.694
4 53 11.86
14 29 25.8
19 35 2.642
8 24 26.43
2 37 6.303
1 33 13.29
43 50 20.43
8 40 9.269
15 65 14.37
22 47 6.777
1 32 10.22
18 41 2.876
2 32 8.442
1 9 7.127
7 21 21.29
34 55 2.432
28 65 26.04
46 55 5.353
24 59 9.665
21 64 15.71
26 40 29.83
9 50 25.33
45 67 7.536
11 61 14.99
10 25 26.53
8 16 5.03
30 63 23.87
30 45 21.8
23 39 15.82
48 61 7.646
3 34 16.64
58 67 10.71
20 40 9.248
9 23 23.83
27 35 11.51
58 64 5.97
22 64 15.38
6 35 10.42
5 46 8.621
37 62 3.592
12 53 23.85
16 65 8.872
14 34 21.54
19 28 10.71
4 17 7.104
8 47 15.4
1 31 10.44
36 49 6.442
11 19 12.44
3 31 12.51
13 46 14.84
26 60 20.3
41 49 21.64
15 25 21.64
23 47 6.947
35 58 3.971
5 30 26.85
31 45 11.87
23 46 5.313
19 59 4.632
39 51 21.05
1 26 22.2
7 8 1.314
35 38 6.584
23 66 21.61
18 50 13.22
35 46 2.116
12 30 36.36
28 58 12.69
7 43 11.85
29 47 9.72
25 66 24.15
19 58 6.899
40 57 16.11
24 65 23.59
27 40 30.66
38 48 12.05
10 53 20.03
24 57 10.19
37 43 2.104
54 55 1.314
16 52 12.2
31 58 8.076
40 47 15.33
8 48 21.26
22 45 7.235
29 60 12.34
13 42 4.243
13 21 21.96
25 65 24.38
45 50 12.05
7 34 22.62
9 67 4.129
27 41 27.75
31 49 4.002
9 17 3.857
15 62 12.49
10 22 22.63
5 18 2.107
30 53 12.95
4 44 7.012
3 67 10.29
20 59 6.972
10 47 16.85
14 57 14.66
17 55 9.616
27 33 6.823
10 30 33.9
24 49 6.604
14 54 21.76
35 61 7.669
6 44 7.176
14 51 24.66
4 55 13.05
15 39 2.244
3 58 9.81
4 16 5.151
32 67 24.67
11 33 27.95
39 48 14.62
46 50 9.328
55 61 6.375
18 21 6.582
42 52 15.7
5 61 4.643
14 28 27.73
20 31 3.365
54 56 3.142
18 57 5.513
43 59 6.662
46 64 7.76
17 46 8.651
6 19 5.459
8 51 23.82
21 40 13.41
53 62 9.303
9 18 6.686
20 42 8.185
6 67 7.71
41 64 9.601
34 44 7.346
38 67 7.755
15 35 12.05
2 46 11.31
34 53 7.771
21 62 11.21
28 53 10.61
21 63 9.799
31 62 12.98
8 29 25.69
17 64 8.163
2 13 11.81
25 48 3.417
20 54 8.679
2 31 6.648
20 29 5.989
3 55 11.18
60 66 6.684
3 19 5.569
15 33 21.55
12 67 3.868
46 63 5.446
57 59 2.982
35 42 10.2
51 62 12.17
16 22 14.68
4 60 5.173
17 50 16.75
33 48 2.151
4 40 13.44
54 60 6.128
14 52 21.26
8 20 15.89
15 43 6.71
64 66 3.163
14 38 5.987
28 66 26.71
20 24 2.004
17 61 9.773
21 66 13.74
61 67 6.858
12 33 27.96
5 25 22.28
8 38 10.28
36 64 10.07
26 33 7.042
39 61 9.679
10 27 29.96
32 59 6.687
36 58 7.691
26 45 20.41
32 64 14.74
53 66 15.69
43 57 11.77
7 47 17.26
19 56 3.491
15 46 12.42
23 28 3.098
11 31 26.15
1 49 10.39
4 5 1.309
27 39 26.17
10 59 11.36
29 40 29.59
25 63 20.92
5 29 20.58
49 65 13.36
52 58 5.44
40 49 23.19
13 26 29.7
44 61 6.171
35 40 13.45
21 67 20.46
12 45 11.0
21 47 5.308
12 61 11.29
38 57 10.5
22 60 11.66
25 37 13.31
26 58 14.95
27 64 25.45
41 47 13.8
36 39 7.014
12 31 26.66
22 58 11.1
34 60 9.174
3 25 21.39
45 61 5.457
34 67 16.94
19 32 6.875
46 53 9.322
25 39 21.25
40 48 21.12
56 64 7.246
28 62 21.44
52 64 13.52
25 42 22.74
1 12 11.61
9 33 23.02
1 8 5.932
15 67 9.265
1 67 9.144
6 29 21.12
7 40 11.9
4 36 13.51
28 67 29.76
22 63 12.72
7 36 14.77
11 23 28.96
23 50 7.108
34 45 6.573
32 56 4.245
10 56 13.15
30 33 6.553
18 67 9.859
13 45 11.29
1 20 12.13
13 59 12.54
38 53 12.41
27 34 7.007
20 62 11.31
17 25 13.39
55 57 2.004
19 65 10.51
18 55 5.386
6 52 14.03
8 62 9.435
28 49 6.443
33 45 9.896
17 53 11.3
22 33 2.569
45 55 7.12
18 39 4.019
40 56 13.96
13 25 28.36
37 58 5.734
42 47 11.22
35 67 12.97
10 54 21.25
56 58 2.96
34 37 6.395
17 23 12.1
12 29 30.09
26 49 8.537
37 39 4.023
45 65 3.752
33 40 21.88
16 59 6.998
61 63 3.036
15 28 24.85
60 62 2.5
24 44 13.85
14 55 20.29
44 65 4.086
8 30 31.97
9 19 7.315
2 9 6.378
8 42 8.595
21 55 5.712
14 63 5.845
12 34 25.38
47 61 6.525
30 37 21.96
3 5 2.469
8 17 6.909
11 18 10.01
18 59 2.107
19 54 8.154
4 19 7.277
45 60 4.802
5 62 5.66
7 31 21.21
39 47 11.31
27 63 22.95
2 16 3.788
42 55 12.89
9 34 20.7
9 38 5.933
13 60 11.27
32 37 9.629
38 59 6.224
27 59 15.45
13 55 23.06
29 33 2.995
2 65 9.69
21 33 3.174
6 61 8.971
39 56 11.0
17 49 12.81
48 64 12.24
8 15 6.575
7 45 14.09
24 43 12.92
9 43 8.89
11 55 23.34
6 66 11.95
16 56 8.279
12 26 31.43
6 16 1.813
31 55 3.248
32 51 1.678
6 63 7.261
20 34 2.193
35 62 6.176
17 60 7.072
27 60 21.4
11 17 7.827
20 65 15.19
5 32 13.76
2 25 12.79
2 39 8.557
5 22 13.75
54 67 16.01
45 51 12.76
21 27 11.66
37 61 5.866
20 48 6.515
29 59 10.76
10 40 8.608
46 56 6.999
47 65 7.949
4 27 26.52
43 49 13.6
1 25 21.25
12 60 10.44
8 56 12.41
53 58 3.437
51 66 22.27
11 36 15.05
21 42 11.32
6 39 5.45
44 56 7.011
36 48 6.171
12 51 28.84
52 63 12.57
28 57 12.85
12 59 11.9
37 40 7.221
29 54 6.781
5 56 6.038
42 59 8.369
36 61 8.869
27 50 7.038
48 60 7.87
10 43 11.28
20 27 10.59
1 66 9.928
22 31 6.895
11 35 21.25
2 40 12.31
21 44 5.737
23 67 23.51
57 62 4.02
10 35 15.0
8 36 13.78
19 62 8.598
10 36 13.34
11 63 10.37
6 58 11.67
47 57 5.575
26 62 21.37
44 64 4.781
28 54 9.3
44 59 2.794
38 49 12.48
35 57 4.97
33 66 20.58
60 61 1.31
8 25 26.96
3 66 13.46
33 41 17.47
10 50 27.59
18 37 1.914
24 60 11.52
17 45 6.417
28 42 28.26
6 32 14.98
20 58 9.938
13 53 23.48
63 65 2.437
13 49 26.36
50 67 24.35
28 56 9.022
26 54 12.32
32 55 1.77
19 67 9.146
27 54 10.22
50 59 7.992
27 43 23.26
21 57 9.943
56 66 11.37
19 55 5.931
18 62 4.431
31 41 22.1
36 55 5.598
20 44 7.593
31 47 8.157
28 59 13.83
28 37 15.6
25 41 23.23
4 59 8.138
18 46 5.368
13 19 12.18
1 24 13.9
37 51 11.71
3 28 21.55
40 67 6.65
10 41 8.084
12 27 34.05
50 64 15.51
36 37 1.303
44 58 5.67
26 61 21.98
5 24 21.47
2 62 8.011
40 64 11.45
26 64 26.19
13 63 7.713
21 61 13.79
15 32 20.75
15 37 6.745
29 36 10.43
36 62 6.706
50 60 10.8
35 48 3.418
27 46 11.56
19 61 6.514
7 41 10.83
11 60 12.86
20 60 9.183
32 45 10.95
8 21 21.47
54 59 3.916
9 63 5.089
48 56 5.951
16 67 7.633
22 44 9.114
4 21 18.38
33 36 7.034
8 55 15.18
14 53 17.38
18 51 9.908
10 66 13.14
24 64 22.49
20 39 7.996
3 43 13.8
15 56 11.73
2 29 10.49
15 45 8.817
41 58 14.86
14 64 7.32
24 53 7.5
56 61 3.622
10 23 25.82
25 47 8.126
58 63 4.371
42 49 20.47
25 46 7.93
46 60 6.053
7 15 6.895
31 65 25.03
25 64 23.84
23 35 4.846
25 40 26.29
29 52 2.526
36 51 9.897
36 47 2.732
11 45 13.8
13 50 30.0
28 36 11.71
6 62 10.89
3 22 16.31
19 24 5.664
1 47 9.488
25 38 14.7
5 65 6.035
5 28 23.33
57 66 10.76
2 44 8.985
36 59 3.3
25 56 9.197
10 44 7.521
44 50 14.57
10 28 28.69
20 41 7.47
10 65 10.68
56 65 10.03
32 63 13.01
2 20 8.922
3 44 10.78
2 66 12.18
4 33 21.33
17 27 20.32
2 28 12.81
20 46 6.217
6 45 11.51
15 31 15.23
13 56 15.98
9 55 13.89
13 37 10.44
55 62 6.125
4 25 24.19
53 61 7.138
17 58 10.66
14 31 22.16
1 28 20.83
1 19 4.991
9 61 9.452
10 46 14.9
39 53 15.37
1 29 13.74
23 62 11.82
9 54 15.99
33 43 12.02
37 66 6.996
43 53 14.43
12 35 21.9
27 36 14.61
7 35 14.92
19 57 5.289
21 37 6.001
9 60 8.087
25 57 13.3
7 22 22.13
29 63 20.42
5 40 9.104
2 12 10.91
8 35 15.44
55 66 11.32
5 48 12.33
48 55 2.107
29 49 4.825
25 50 6.523
3 62 10.28
35 45 3.954
45 53 11.79
31 61 11.27
34 42 12.81
12 49 26.78
16 49 14.92
23 49 6.871
8 22 22.67
18 48 8.858
10 58 14.05
5 12 6.428
47 54 4.506
19 53 7.056
28 44 23.33
34 59 5.818
16 42 6.056
18 54 8.33
11 49 27.1
18 34 7.135
9 65 7.641
35 65 9.714
26 39 23.4
34 56 6.125
10 19 9.876
33 42 16.61
7 14 6.515
2 22 12.13
46 67 10.52
9 20 12.62
9 47 13.91
42 60 9.648
6 14 4.392
18 65 7.195
37 54 9.083
2 61 5.403
4 28 24.49
10 32 24.69
34 63 10.94
14 56 14.06
43 64 6.868
20 51 7.565
26 56 10.56
18 32 8.642
2 54 5.532
2 34 11.48
31 40 28.21
26 65 26.5
4 47 13.31
57 65 7.779
15 54 16.53
24 47 8.975
17 51 13.44
38 64 9.009
28 46 14.44
41 56 14.32
13 18 9.737
29 45 14.75
43 67 7.395
1 17 7.002
3 26 21.7
4 26 24.89
24 55 6.156
24 52 2.587
22 59 8.607
6 40 9.774
47 56 4.45
25 53 10.47
58 60 3.169
4 49 16.94
36 60 6.57
25 62 12.14
7 38 10.97
19 46 6.245
22 37 6.986
44 60 4.83
9 24 24.65
27 37 20.63
29 56 6.332
44 52 10.7
10 34 21.61
7 42 12.56
17 57 9.964
5 23 21.08
19 50 11.7
26 57 15.51
15 36 9.386
28 38 21.14
26 34 7.861
24 33 2.388
20 64 13.66
52 62 10.47
43 55 10.32
12 52 25.87
4 67 7.695
57 63 5.856
24 67 25.15
9 26 26.11
16 38 2.984
28 61 21.43
23 60 13.29
6 43 10.9
13 36 13.81
10 48 22.21
17 47 9.684
8 49 22.28
10 62 11.11
22 56 6.877
29 67 31.56
37 42 3.931
48 57 6.876
16 63 4.067
3 50 17.23
29 61 14.35
1 36 10.33
38 52 11.55
45 64 5.187
8 27 30.18
3 41 12.37
14 67 8.874
28 45 21.43
18 40 3.584
24 63 18.57
13 17 7.623
11 26 30.63
38 56 8.377
48 59 5.089
37 50 11.9
11 25 29.86
12 64 7.182
9 28 26.99
43 56 10.57
36 50 10.24
2 15 7.993
12 18 10.76
12 63 7.174
15 59 11.59
19 42 7.786
43 51 15.87
17 63 4.827
3 32 13.9
22 67 20.96
37 46 2.895
35 66 9.617
52 66 20.6
10 20 14.95
25 43 13.63
3 36 12.8
17 56 7.122
46 59 3.0
13 28 31.14
48 63 9.857
13 33 26.91
11 59 14.59
43 52 14.11
16 44 3.136
31 35 3.899
47 53 6.669
6 31 11.4
1 22 15.75
22 52 3.476
15 47 14.15
26 36 13.75
33 38 12.22
10 17 5.065
19 44 6.912
8 26 27.98
29 57 9.19
18 36 2.212
18 38 2.58
16 47 11.45
34 57 8.799
42 56 11.64
31 43 21.15
48 53 6.734
18 53 7.112
3 14 9.091
1 44 8.982
25 58 11.52
1 40 13.98
14 47 16.03
31 48 7.576
11 47 22.24
27 62 20.32
23 45 9.579
20 47 6.343
5 66 7.578
22 39 11.46
5 58 7.295
41 57 15.53
6 17 3.607
19 34 3.926
10 42 10.41
3 46 14.7
18 24 8.005
19 39 6.501
7 16 4.592
16 66 11.06
25 54 10.44
5 45 7.233
19 49 8.212
22 57 9.54
35 41 11.58
14 59 11.52
18 45 5.817
9 58 12.34
23 55 6.851
18 31 6.251
36 67 11.11
8 45 11.21
18 44 3.923
6 42 10.76
39 45 4.905
7 26 26.08
25 36 9.866
17 44 5.062
4 18 6.279
32 52 3.073
3 17 7.029
2 24 10.4
35 44 3.886
27 55 11.88
32 60 8.752
9 48 20.53
19 52 6.29
62 67 4.856
19 51 9.871
28 43 24.92
50 63 13.59
38 60 6.957
25 44 20.43
10 45 12.19
17 31 9.917
2 17 4.831
8 34 22.27
1 38 10.83
18 42 4.876
14 49 22.8
22 55 5.899
35 39 10.68
3 29 16.17
23 59 10.49
1 41 12.55
38 55 9.804
5 19 3.413
7 18 7.081
28 34 7.337
25 45 12.65
8 46 14.05
36 56 5.517
16 31 11.68
15 58 14.69
57 58 1.31
6 41 8.23
38 51 14.63
9 49 22.09
27 47 10.91
8 19 8.974
9 45 9.203
11 28 31.64
19 45 6.408
1 23 17.63
26 38 20.49
24 45 12.07
12 55 23.57
28 63 23.29
34 52 5.127
5 27 25.42
15 55 14.59
16 45 7.32
45 48 7.094
6 20 12.31
28 35 8.489
2 36 8.161
31 46 11.78
9 22 20.76
16 36 6.837
2 48 10.54
3 65 10.44
1 43 11.75
22 53 6.506
21 54 8.978
20 49 7.0
2 23 14.15
5 26 23.44
7 19 8.197
15 49 21.52
48 52 4.843
2 42 13.17
16 58 10.13
9 25 24.91
7 23 25.5
8 28 28.32
33 34 1.309
18 61 5.307
43 60 8.458
9 51 23.69
7 46 16.26
2 14 9.156
6 23 21.8
5 31 12.51
1 42 12.97
5 20 9.946
19 31 5.943
1 27 23.35
9 46 11.9
24 37 10.61
2 43 12.56
46 57 6.954
2 58 5.961
33 44 10.26
44 49 11.22
19 47 6.241
3 61 7.423
7 17 5.949
16 41 4.538
15 60 9.755
10 26 27.29
6 36 9.937
10 38 8.771
1 21 15.24
33 46 6.852
34 51 6.277
26 44 23.33
9 21 16.01
18 58 5.097
46 52 9.242
11 64 9.233
1 62 4.917
8 23 25.73
35 50 6.305
6 48 16.56
10 24 26.74
32 53 4.486
29 39 22.32
29 35 6.027
9 36 10.97
18 43 6.649
16 48 14.45
1 39 9.239
14 60 10.03
35 43 5.992
52 61 10.13
19 37 3.204
20 63 9.811
36 52 7.976
21 52 2.781
12 47 21.59
6 38 7.233
28 47 11.84
16 43 7.023
17 52 10.31
21 53 7.629
16 54 13.13
16 62 8.32
6 22 16.38
1 46 9.548
13 47 21.26
9 62 8.498
5 34 13.0
16 24 14.26
2 50 11.38
2 38 8.717
50 52 2.422
19 63 6.414
20 45 7.098
14 37 8.269
3 45 13.06
6 46 13.52
18 63 2.239
16 46 9.55
5 43 6.714
16 26 20.73
31 38 11.62
29 37 13.15
16 32 14.61
31 36 7.727
