3 62 2.003
19 46 2.357
25 41 1.835
10 58 2.159
10 61 2.198
15 57 2.099
19 45 2.997
33 35 3.207
66 67 1.328
33 34 1.328
27 41 2.168
2 62 2.466
12 13 1.329
18 46 4.781
29 35 4.344
7 9 2.44
14 52 2.14
3 10 3.238
11 12 1.327
28 30 1.814
58 59 1.33
9 13 2.442
11 13 1.811
9 14 2.336
57 58 1.328
28 42 2.491
9 11 3.339
28 29 1.33
50 66 5.102
45 46 1.327
35 37 1.893
11 14 6.012
10 11 1.331
34 35 1.334
44 47 2.251
35 36 1.328
26 45 2.464
3 11 2.149
9 54 2.02
55 56 1.343
20 63 22.8
17 63 17.15
17 20 2.316
16 52 2.893
44 63 15.03
20 44 2.309
17 44 2.308
4 63 2.318
4 20 22.23
4 17 14.06
1 63 2.514
1 20 23.84
1 17 20.85
4 44 20.78
22 63 20.66
20 22 2.384
17 22 1.821
1 44 22.31
1 4 1.976
60 63 2.068
20 60 21.26
17 60 13.75
22 44 6.352
4 22 15.35
44 60 14.98
4 60 2.176
1 22 20.51
47 63 11.48
20 47 2.34
17 47 2.474
1 60 2.44
22 60 16.43
4 47 12.18
1 47 14.63
38 40 3.395
22 47 5.672
47 60 9.77
42 43 1.329
26 28 2.284
7 11 3.16
34 36 2.308
24 63 16.46
20 24 1.975
17 24 4.246
4 24 16.14
24 44 1.821
33 37 2.378
1 24 20.52
23 42 6.271
22 24 2.674
24 60 15.6
2 3 1.328
37 40 1.328
30 37 3.042
24 47 3.348
17 51 1.848
20 51 2.604
51 63 13.37
6 65 6.97
8 65 1.999
4 51 13.11
44 51 4.104
37 38 1.325
1 51 15.37
17 49 6.373
20 49 4.935
49 63 10.71
22 51 1.998
51 60 12.98
4 49 12.92
44 49 1.869
1 49 13.16
47 65 7.273
40 41 1.329
36 37 1.325
47 51 2.489
49 60 13.09
42 45 4.554
22 49 6.456
50 52 1.774
47 49 2.66
18 19 1.328
48 50 1.746
10 12 2.232
6 17 13.83
6 20 20.34
6 63 5.424
4 6 2.774
6 44 15.23
38 39 1.332
27 37 1.806
1 6 1.946
6 22 12.51
43 48 2.886
41 42 1.329
6 60 6.491
5 7 2.606
59 67 7.248
36 38 4.446
6 47 11.85
13 14 1.331
6 51 11.41
13 58 1.99
3 19 26.66
24 51 2.569
17 65 12.75
20 65 13.46
63 65 2.534
33 36 2.045
18 53 2.618
14 15 1.329
4 65 5.339
44 65 10.92
25 27 2.76
65 67 3.187
27 29 1.803
54 59 2.03
25 40 3.672
24 49 2.15
22 65 11.94
57 59 2.874
24 65 11.96
64 66 2.087
25 26 1.329
1 65 6.348
60 65 1.959
46 53 2.74
41 43 3.541
6 8 3.454
8 51 10.04
21 23 1.98
27 28 1.329
6 24 13.16
49 51 2.592
3 5 2.576
8 17 11.53
8 20 13.72
8 63 3.287
45 48 1.834
12 38 35.06
8 44 12.49
4 8 1.887
16 21 2.672
40 42 3.762
49 65 6.576
61 62 1.326
19 62 26.1
23 45 8.088
12 14 4.095
8 22 12.9
39 40 1.33
14 57 2.378
8 60 1.812
1 8 4.61
6 49 10.17
8 47 7.732
9 15 4.449
50 53 3.109
28 40 1.828
29 41 5.813
33 38 8.613
16 18 2.478
16 28 15.95
15 53 1.797
14 58 4.353
34 38 10.61
30 33 1.327
13 54 4.481
11 58 5.494
35 61 41.77
56 64 7.759
15 16 1.328
61 64 1.813
5 16 12.17
3 18 24.46
19 40 9.927
2 5 1.855
9 10 1.33
35 38 7.425
9 57 4.528
23 64 16.09
18 61 23.89
26 42 1.86
29 40 3.75
51 65 8.679
58 61 4.84
34 37 2.77
2 19 27.32
9 58 2.359
5 9 5.812
21 45 8.459
46 62 20.2
13 59 5.738
18 21 1.814
23 26 5.698
7 10 3.728
5 48 14.96
45 56 12.83
15 50 6.284
2 15 14.49
16 19 5.48
52 53 1.329
8 24 12.28
3 46 22.16
4 67 2.806
22 67 9.179
53 59 3.098
12 33 39.27
39 56 30.2
53 54 1.329
47 67 9.508
60 67 4.331
38 56 32.72
10 13 2.207
48 64 8.919
46 61 15.38
55 58 3.628
17 67 10.51
20 67 11.57
63 67 2.354
44 67 12.84
7 54 3.643
28 66 24.33
26 27 1.328
28 45 5.203
5 64 9.23
35 40 5.352
36 40 1.912
38 55 31.3
2 23 22.75
39 48 12.4
30 42 5.476
56 59 3.742
2 18 25.38
19 50 7.575
15 46 5.923
30 40 2.75
29 42 6.127
13 15 3.165
33 39 4.632
5 39 34.86
15 55 3.709
5 61 8.355
8 49 9.35
7 14 2.321
28 35 6.6
52 57 5.835
21 55 15.6
14 59 6.173
23 46 8.69
23 41 6.902
27 61 29.3
1 67 1.829
28 41 2.209
55 59 3.567
23 28 10.28
13 25 23.05
16 62 21.25
21 59 16.42
52 67 4.43
48 66 8.352
3 52 12.99
62 64 2.761
26 29 3.899
34 39 8.373
27 40 2.545
29 37 2.179
19 25 3.248
40 67 24.63
15 19 7.713
13 52 7.623
2 21 25.52
39 67 28.33
19 26 2.456
29 30 1.33
23 35 20.86
30 52 24.28
29 57 26.38
7 56 12.15
11 54 7.603
12 54 8.051
27 48 10.03
39 55 29.14
26 38 3.406
2 27 32.57
23 27 6.982
9 38 33.26
48 52 5.556
42 53 11.96
12 39 33.76
21 64 22.23
53 57 1.949
16 27 12.04
14 67 5.892
43 64 12.86
34 43 15.95
62 66 5.556
25 43 2.52
29 34 1.913
25 58 20.82
5 53 12.03
21 66 17.74
30 56 37.52
27 42 3.431
34 52 26.64
33 66 29.87
15 18 4.937
2 54 11.63
54 66 4.802
49 67 5.756
57 64 5.357
46 48 2.007
25 57 16.06
14 48 9.11
52 56 9.27
37 53 24.04
25 46 6.253
2 26 28.83
50 62 11.55
27 59 23.72
38 67 30.53
10 59 2.613
19 61 24.53
35 66 35.16
30 35 3.352
8 10 3.979
2 61 8.148
3 61 2.099
11 15 9.024
7 55 10.69
7 48 8.985
2 43 25.23
24 67 10.3
13 16 6.476
21 37 10.87
12 15 6.11
46 50 4.501
52 61 14.06
19 42 6.728
27 35 6.589
26 39 4.305
43 50 5.267
25 28 4.853
35 62 42.67
9 59 2.524
16 50 6.437
2 50 12.26
36 41 6.023
3 28 33.9
8 67 2.289
39 66 26.23
36 58 34.94
8 61 5.739
19 21 2.903
30 38 7.512
23 40 6.489
9 28 26.72
26 50 8.277
18 56 14.28
9 55 7.415
18 59 12.25
9 52 5.52
10 16 10.8
28 61 30.58
30 48 21.52
19 57 10.76
16 46 6.649
38 54 27.67
9 56 8.506
14 56 9.244
9 30 33.02
27 67 24.03
21 53 6.522
21 39 14.62
33 43 12.29
15 54 3.788
15 36 28.72
5 13 6.825
29 66 28.06
18 57 7.693
45 64 11.13
19 56 15.62
53 56 6.8
52 54 3.06
12 40 30.23
35 41 9.153
18 64 21.56
23 30 14.89
48 61 14.75
7 13 5.943
25 66 15.79
2 57 14.89
7 49 8.573
18 45 6.39
18 43 10.35
23 25 2.427
29 58 29.28
14 36 30.83
29 64 29.86
13 27 27.44
29 36 3.415
33 48 20.45
3 54 9.784
39 42 6.356
35 48 25.6
15 56 8.599
46 59 6.069
39 62 35.28
38 41 6.659
55 64 9.138
11 59 6.011
39 52 21.75
37 52 22.47
7 65 4.724
40 53 21.56
3 43 24.81
38 65 29.88
46 56 8.341
37 39 2.835
2 7 6.084
29 59 28.54
25 59 16.71
39 57 33.19
26 43 3.1
13 55 4.593
19 66 20.04
10 18 14.75
5 21 21.33
45 49 3.925
21 24 4.452
16 54 4.747
49 50 1.327
3 58 7.461
28 53 14.7
25 29 7.503
21 43 9.84
18 40 13.09
36 56 38.59
5 50 8.387
45 50 5.808
27 43 6.854
21 46 6.771
54 57 1.328
16 66 14.37
12 37 35.8
29 52 21.25
12 58 5.949
2 33 40.64
33 50 23.66
15 21 8.469
56 62 11.16
8 45 11.71
3 66 8.279
45 59 9.694
5 38 36.56
42 55 20.17
8 50 3.801
7 25 14.5
21 27 6.872
64 67 5.028
12 61 7.162
7 15 7.415
23 57 14.25
5 15 10.21
23 43 6.047
53 67 5.316
33 56 39.92
25 64 20.47
14 30 29.03
5 58 10.16
30 64 37.3
7 46 11.69
8 39 28.97
25 37 6.45
14 21 10.45
18 67 20.13
13 36 36.99
21 50 7.253
27 30 5.265
3 26 28.05
12 62 9.464
29 33 1.33
26 52 9.859
2 52 13.57
6 7 1.328
13 33 35.96
54 56 4.03
39 61 34.57
30 46 15.37
15 64 12.96
9 64 6.505
5 35 40.07
25 48 6.935
52 64 10.18
10 14 4.263
33 40 2.549
14 54 2.549
43 45 2.455
59 62 5.449
28 36 3.135
61 66 6.192
12 64 11.4
41 59 24.61
45 55 11.27
42 58 23.07
16 30 23.66
26 30 8.124
54 55 1.332
12 55 7.426
39 53 25.0
5 23 16.9
14 42 17.59
25 30 10.24
43 49 2.605
10 19 21.6
43 62 22.81
45 53 6.267
7 64 8.011
28 50 12.62
3 57 10.95
46 57 6.393
7 59 7.116
21 56 20.37
6 9 5.752
13 43 20.73
23 67 10.3
43 57 15.41
43 58 16.49
25 52 7.951
37 62 36.04
8 9 1.329
19 23 5.426
5 12 3.528
5 62 6.593
41 54 14.41
3 14 7.894
54 58 2.127
14 55 5.68
5 34 39.35
5 36 37.82
14 53 2.211
15 37 25.23
18 25 6.429
2 37 38.44
12 35 40.96
35 42 11.75
27 33 6.117
11 40 31.94
18 33 16.2
18 50 8.703
2 56 16.48
30 58 32.69
7 53 6.402
12 67 10.89
26 61 25.79
53 65 4.64
11 64 8.469
13 26 24.23
21 42 9.561
2 30 40.96
25 35 12.0
41 50 10.99
2 39 37.0
2 48 20.27
10 53 7.362
18 66 17.96
26 46 4.178
40 50 10.36
50 54 2.177
16 23 5.201
42 48 3.422
7 52 4.757
28 37 2.209
14 29 25.94
37 66 28.29
15 61 12.27
27 52 12.97
53 55 3.912
57 62 8.158
28 58 26.19
13 46 11.35
27 53 12.64
34 65 33.29
45 61 16.57
18 48 8.688
11 61 4.538
45 62 20.61
12 57 7.806
39 59 31.35
34 51 23.56
3 12 4.357
36 64 34.37
12 48 18.1
28 54 22.29
6 67 2.424
13 56 8.779
8 30 33.04
40 66 22.68
26 55 25.14
16 58 8.713
12 30 37.68
18 37 13.24
36 52 25.76
13 62 10.02
5 57 12.78
15 25 11.58
10 24 17.11
7 33 32.52
51 67 6.705
5 55 15.34
48 58 11.59
5 27 28.82
15 66 11.64
15 62 14.83
9 61 5.465
48 53 4.553
39 43 9.706
10 15 7.1
34 41 9.823
28 59 25.17
11 25 25.02
10 36 38.48
26 37 6.242
30 43 10.39
50 59 6.641
15 42 13.83
22 54 10.08
18 55 10.78
15 43 12.82
37 59 30.12
5 66 8.717
3 21 25.21
21 29 6.46
18 23 6.076
10 30 36.48
9 16 8.117
11 29 35.5
9 25 16.37
27 34 6.795
55 66 11.5
23 39 12.42
10 57 5.956
23 51 3.54
15 26 11.98
40 43 6.11
17 54 5.385
20 54 8.333
54 63 6.824
18 54 6.147
50 58 8.732
6 58 10.02
45 65 10.5
37 48 15.89
23 37 11.56
27 57 22.48
21 48 8.126
27 66 22.65
33 55 39.07
11 45 22.25
43 55 15.05
5 11 4.056
25 36 10.0
5 67 5.506
2 29 37.91
15 27 15.09
19 29 5.109
42 50 8.47
2 38 39.07
10 46 12.81
2 25 26.37
7 18 13.66
52 66 9.101
5 10 6.392
36 59 33.77
43 59 12.24
25 61 24.69
42 54 13.23
30 59 33.91
42 62 25.99
25 50 5.976
9 41 25.51
7 29 29.46
14 35 32.69
43 46 5.52
12 26 26.74
50 64 7.103
52 62 15.26
24 57 13.16
37 46 14.24
27 58 24.81
3 35 44.33
10 27 28.24
26 57 15.5
56 65 8.682
14 28 23.96
43 56 16.62
3 7 5.229
15 58 3.811
30 39 7.344
5 30 37.17
13 37 33.46
57 61 5.864
11 16 11.77
9 12 5.072
44 54 7.968
55 57 3.154
30 41 6.007
33 61 35.83
48 55 12.02
12 36 39.37
37 41 3.588
4 54 5.6
2 45 24.54
3 59 6.308
18 52 5.707
39 65 27.35
2 16 17.16
51 64 12.08
8 38 31.01
23 55 15.44
56 57 1.33
25 55 21.38
3 50 11.71
26 54 13.01
29 38 5.302
34 50 25.7
2 13 9.986
29 39 4.6
34 48 24.16
14 62 11.75
13 53 4.761
16 61 16.68
40 56 27.25
41 66 20.97
18 34 20.27
13 57 3.589
24 43 2.545
35 50 26.36
29 43 10.06
49 54 7.857
52 55 6.486
33 42 8.48
19 39 11.98
48 54 5.641
35 53 29.26
26 40 3.951
49 56 15.2
26 56 26.82
23 29 10.54
3 25 25.94
34 56 43.16
35 43 16.04
53 64 5.997
43 53 9.998
14 37 27.42
14 61 10.65
11 42 27.0
40 54 22.39
10 62 4.881
16 25 8.798
24 55 14.83
59 64 3.234
26 48 6.445
26 66 16.71
7 35 35.72
16 53 2.92
27 39 2.749
23 54 11.21
12 23 18.17
9 23 14.87
50 56 11.56
36 54 30.81
30 36 1.825
36 43 12.23
11 52 12.02
16 57 6.19
12 18 14.34
15 45 10.41
38 59 33.72
14 50 4.287
37 50 20.79
15 52 2.199
2 28 34.81
12 59 8.183
42 56 20.96
29 48 14.06
21 60 21.69
14 51 5.755
21 47 5.834
54 67 5.708
18 62 26.07
23 24 1.326
5 52 8.956
29 55 32.61
19 64 21.18
28 46 8.897
50 57 6.811
37 43 10.35
10 66 8.765
40 57 27.28
21 62 26.48
19 43 6.454
9 27 24.7
7 41 24.15
16 48 9.601
23 53 8.944
26 58 21.4
34 54 31.29
11 37 36.87
48 56 13.98
7 42 21.14
34 55 42.22
13 39 31.94
55 61 10.4
25 54 11.57
9 19 14.57
26 41 2.331
5 40 31.06
11 55 9.814
6 18 20.82
13 38 33.53
29 56 33.76
55 62 12.81
14 23 10.64
7 66 3.335
45 67 14.62
15 40 22.82
36 46 21.85
41 57 23.94
2 36 41.6
54 60 3.648
38 43 13.42
21 28 10.43
41 64 24.35
19 59 14.7
21 44 5.663
46 66 11.83
9 51 9.688
19 55 13.07
8 16 11.25
2 66 8.893
41 52 12.42
53 62 11.14
27 54 20.48
38 62 37.93
16 33 25.31
27 55 26.94
30 50 23.16
13 28 30.1
18 29 7.713
52 59 5.699
41 67 23.15
2 41 31.94
39 64 30.02
51 54 6.931
21 22 1.328
33 53 24.67
16 26 10.23
27 56 28.4
12 56 11.93
7 61 8.819
21 38 14.38
43 52 8.756
42 64 20.56
11 30 38.61
12 16 9.252
11 28 32.81
35 39 6.951
11 27 30.62
14 38 29.87
10 25 23.06
27 45 7.065
14 66 7.967
38 42 9.967
19 28 6.225
2 59 10.51
40 46 12.86
8 64 4.912
36 39 6.602
33 52 24.41
41 62 29.8
11 23 20.32
13 30 34.91
23 49 4.646
33 57 29.24
16 41 13.97
14 40 24.76
1 21 23.46
7 16 9.247
16 59 10.62
7 27 24.0
6 64 8.967
5 14 5.568
5 49 13.79
38 50 21.81
36 60 36.53
8 62 6.694
1 54 8.335
10 42 25.52
47 54 4.077
3 36 41.98
35 67 36.89
6 23 13.85
5 43 22.34
3 13 6.898
21 67 13.06
46 58 9.6
30 55 36.4
50 67 3.898
11 62 5.402
53 61 9.196
30 34 1.333
18 39 15.92
9 53 4.363
36 62 39.64
12 19 17.53
3 56 12.29
3 15 12.12
39 46 15.74
11 48 16.95
33 67 31.95
2 64 8.499
8 58 4.058
7 23 13.26
1 43 22.2
24 38 12.58
6 53 9.192
40 64 26.66
21 26 5.694
17 21 2.438
20 21 1.33
21 63 23.31
48 59 8.615
45 51 7.328
3 39 37.19
28 57 24.12
36 55 37.22
7 12 4.284
24 54 10.01
34 47 24.34
23 48 5.629
12 41 28.36
8 18 15.04
2 6 3.441
4 21 21.48
12 25 25.17
16 38 24.2
38 52 23.41
21 49 7.851
18 49 9.519
23 56 18.02
40 45 8.789
59 61 2.533
11 66 10.14
2 55 16.78
37 45 11.53
24 26 4.175
14 41 22.48
55 65 9.1
1 36 39.47
64 65 1.33
24 36 15.28
18 30 14.98
11 19 22.5
4 34 39.46
13 24 16.11
8 48 8.7
11 46 17.33
2 42 28.31
50 61 11.69
3 55 12.63
13 34 36.93
59 66 5.291
5 18 21.39
34 63 37.7
20 34 14.52
17 34 22.67
43 66 10.77
2 14 9.438
11 38 37.1
51 57 9.061
23 34 20.44
23 60 18.8
13 40 28.51
12 43 23.29
39 60 33.27
30 66 33.78
15 29 23.39
5 19 23.46
38 46 21.5
21 51 4.138
30 62 41.56
11 53 10.35
10 23 18.49
6 52 7.619
16 22 2.47
9 37 31.38
19 37 10.66
41 56 24.08
5 54 9.054
28 33 2.551
5 29 34.0
2 65 8.964
11 18 17.58
14 16 3.329
3 38 39.35
22 36 21.43
2 46 23.96
16 65 12.73
15 28 21.75
26 34 11.32
19 27 4.391
15 59 7.904
2 8 7.7
28 38 4.349
11 41 30.09
35 58 37.26
30 61 39.56
14 27 21.32
7 50 2.959
18 26 5.977
3 27 31.81
21 30 13.21
47 55 9.838
8 27 23.04
10 52 9.566
26 62 26.62
8 54 2.189
16 47 6.109
27 50 11.46
6 66 5.316
6 54 6.698
14 39 28.23
36 57 31.74
40 48 7.342
28 39 4.793
6 43 13.94
16 29 20.33
37 64 30.79
16 39 23.12
34 44 16.17
6 21 15.76
25 45 2.491
2 35 43.99
24 52 5.207
6 33 34.54
42 46 7.906
16 55 8.01
6 55 13.87
5 59 10.04
14 64 9.541
16 45 9.508
54 64 5.449
7 47 8.385
7 44 12.47
10 48 13.36
30 57 28.92
18 27 7.492
12 28 32.76
42 66 14.33
41 48 7.236
2 11 5.47
37 61 35.37
26 33 8.818
24 64 14.98
48 62 15.25
38 49 17.04
15 48 9.494
45 47 2.864
43 51 6.131
40 52 13.26
51 52 1.329
13 64 10.5
19 35 16.27
7 26 20.21
30 45 12.07
1 39 33.32
8 43 12.24
9 50 5.239
16 60 13.31
7 36 33.29
27 62 30.15
41 46 8.65
19 53 4.469
13 18 11.46
23 65 12.48
41 53 14.49
3 23 22.82
36 61 38.96
15 41 20.67
21 52 6.159
6 46 15.05
36 53 27.2
12 66 13.14
34 40 6.082
38 66 28.77
36 50 23.73
15 33 27.58
6 10 8.573
1 55 13.61
44 55 11.84
58 62 8.127
17 36 22.66
20 36 13.66
36 63 36.35
13 61 6.694
47 56 11.92
21 34 13.84
5 65 8.683
28 48 10.36
5 8 4.917
10 64 6.664
16 44 7.434
42 49 5.927
56 66 11.06
6 38 32.9
34 66 33.6
55 63 11.6
20 55 13.03
17 55 9.887
51 56 13.51
51 55 10.73
37 54 27.28
35 64 37.31
19 30 11.95
12 21 17.08
10 40 30.97
38 53 26.91
39 41 3.093
8 46 10.01
4 55 11.67
5 37 34.56
36 44 14.11
4 56 11.63
22 43 9.499
49 61 15.48
14 25 13.22
15 65 9.951
28 64 26.22
9 65 4.217
2 12 6.993
58 66 8.21
56 63 10.65
20 56 15.82
17 56 13.58
4 36 38.31
7 43 12.32
29 53 21.99
16 37 21.91
4 39 34.19
7 57 8.439
8 28 25.15
10 28 30.13
6 48 11.31
19 33 11.66
57 67 11.32
21 61 25.22
41 51 10.54
22 34 22.1
9 42 22.1
47 48 1.33
6 16 12.36
38 60 35.71
22 48 7.53
34 58 35.04
44 56 14.04
13 67 10.2
42 61 25.06
56 61 8.769
1 64 5.779
7 17 10.08
7 20 13.07
7 63 5.446
12 50 12.57
23 50 5.467
4 5 1.323
8 11 6.636
22 55 14.41
24 34 20.68
55 60 7.801
42 65 14.9
53 58 4.393
5 42 26.06
39 63 31.59
20 39 12.5
17 39 15.29
7 37 30.17
17 23 4.649
20 23 1.827
23 63 17.06
1 5 2.489
14 33 30.27
9 66 6.525
4 16 12.59
48 60 10.93
3 64 6.329
7 19 15.56
4 48 13.28
8 40 25.28
21 41 9.515
22 26 7.489
5 60 5.928
34 42 11.08
38 45 16.28
33 64 31.49
26 36 8.75
41 45 5.446
1 42 24.67
16 35 27.0
22 56 17.23
4 7 1.79
12 22 15.27
8 33 30.97
56 60 7.121
6 34 38.16
45 66 12.31
5 47 14.4
4 23 17.86
29 46 10.09
15 23 9.161
47 50 1.834
3 42 28.13
19 48 5.999
23 44 4.539
30 65 34.05
21 36 14.86
34 60 37.38
36 47 23.19
25 42 1.991
42 59 21.12
44 48 2.373
9 39 31.23
10 50 9.076
13 19 14.17
26 53 8.556
29 61 34.11
17 48 5.497
20 48 5.46
48 63 11.28
24 37 12.79
5 63 6.51
5 20 22.24
5 17 14.47
6 45 16.6
12 52 10.72
5 44 21.96
18 41 10.68
18 51 5.943
7 58 7.094
26 64 21.56
24 56 17.17
28 43 5.532
46 65 9.865
58 64 7.035
28 62 31.58
8 36 33.26
22 38 14.82
1 56 13.13
39 44 11.07
4 64 6.017
13 50 9.699
43 47 3.629
22 23 1.329
35 55 40.69
16 42 12.85
17 43 7.035
20 43 5.708
43 63 14.47
52 58 8.289
45 58 12.44
16 17 1.329
16 20 5.495
16 63 15.89
42 67 14.59
51 66 10.56
22 53 6.43
2 9 7.654
10 55 7.808
47 53 2.272
14 34 31.26
19 51 6.449
8 53 4.099
26 35 12.07
1 57 11.51
8 25 15.17
37 58 31.35
25 62 25.14
33 65 29.52
43 44 1.325
16 40 15.93
55 67 10.94
5 28 31.73
24 42 2.974
16 51 2.95
17 64 14.73
20 64 21.03
63 64 1.329
14 19 11.32
1 7 3.918
35 45 22.46
28 52 14.94
24 29 10.88
44 64 12.65
21 33 20.18
28 55 30.7
7 8 1.317
39 45 12.54
6 57 12.36
23 47 4.517
7 51 8.797
46 55 6.536
27 46 8.44
3 53 10.53
29 45 8.799
7 21 14.42
57 66 10.15
7 22 11.37
44 45 1.329
18 65 15.74
57 65 7.544
34 46 22.24
8 26 17.02
1 34 41.44
8 23 14.37
1 41 28.31
15 51 4.333
38 47 20.13
24 41 4.241
28 34 5.305
12 29 34.39
10 37 34.93
1 50 8.965
2 24 22.81
4 43 21.66
29 50 20.36
21 65 16.06
48 65 7.01
26 44 2.083
21 25 5.282
58 65 5.063
12 45 21.29
51 61 17.02
11 43 24.72
57 60 5.213
34 45 20.4
47 64 8.891
54 65 2.817
41 49 8.795
7 40 26.73
11 21 20.41
28 49 10.36
6 61 9.239
4 66 5.596
12 34 39.58
35 65 35.07
8 42 17.53
46 49 4.952
22 58 13.67
26 63 23.5
20 26 2.777
17 26 6.052
7 45 13.15
11 57 9.513
5 22 15.06
46 54 4.008
16 67 9.98
5 24 16.59
40 61 31.2
4 26 24.65
35 46 24.31
6 56 14.91
1 66 5.506
63 66 1.853
20 66 15.49
17 66 13.79
7 60 5.365
13 29 31.76
9 40 27.64
34 53 27.59
16 43 12.17
22 39 15.42
3 49 20.01
8 21 15.87
3 9 4.59
21 58 16.25
6 12 8.665
44 53 5.559
52 65 6.872
38 61 37.29
3 41 31.79
48 49 1.329
1 23 17.68
25 39 4.453
5 33 37.8
10 33 35.73
17 45 5.428
20 45 6.077
45 63 14.15
26 47 6.182
48 51 4.359
9 47 8.755
4 45 20.29
1 14 9.045
7 62 8.105
9 60 2.173
18 35 22.21
49 66 7.391
60 64 2.259
11 39 35.57
1 62 2.951
60 66 4.134
33 60 33.62
7 24 11.44
33 45 9.989
13 23 15.73
65 66 1.324
49 55 13.72
25 49 3.984
44 66 12.14
1 26 26.18
26 59 20.19
47 59 7.469
1 11 6.099
44 50 3.936
22 64 15.75
1 48 14.4
8 56 8.154
2 53 13.86
11 22 17.6
27 64 24.98
16 36 25.49
22 45 9.499
39 54 25.53
47 66 9.279
9 48 10.53
18 58 11.12
5 51 13.49
47 52 2.173
6 11 7.46
39 47 13.95
3 16 15.5
9 44 13.53
9 26 20.97
43 65 10.26
2 58 11.49
7 28 26.54
37 56 35.85
24 39 9.948
36 49 20.58
36 51 22.28
42 60 23.4
24 66 13.05
22 41 10.48
1 35 42.76
23 66 12.89
24 53 7.768
26 67 20.43
43 60 15.2
62 67 6.009
19 38 13.67
19 54 7.963
4 50 7.497
11 56 12.38
30 54 28.59
36 45 13.19
21 54 10.81
2 22 21.83
24 48 3.624
26 49 6.115
19 52 7.263
50 55 9.869
19 34 13.65
10 54 3.691
5 26 25.53
13 42 23.37
19 36 13.65
13 48 14.71
17 53 2.033
20 53 6.245
53 63 7.993
49 64 10.19
27 36 5.738
33 49 20.62
53 60 6.397
40 49 8.24
25 67 16.29
60 62 2.501
42 57 21.87
26 65 15.6
9 36 34.86
35 52 27.87
22 66 13.45
38 63 34.19
20 38 13.81
17 38 21.17
9 34 35.51
7 39 30.5
4 9 2.045
16 34 25.53
58 60 3.45
56 58 3.792
23 38 12.02
1 61 5.972
42 51 8.54
6 19 22.39
1 38 35.48
6 41 25.6
36 66 31.9
4 38 36.18
12 42 25.56
17 50 5.374
20 50 4.767
50 63 7.453
60 61 1.326
35 47 25.72
7 30 32.42
12 44 21.43
11 49 17.75
8 57 7.115
41 55 23.1
29 62 35.23
16 56 12.51
34 64 35.28
29 49 13.0
6 26 22.38
30 60 36.84
14 45 11.62
23 61 22.19
11 35 42.18
12 53 8.54
41 61 28.82
7 67 2.474
16 49 9.762
3 51 17.22
2 51 17.98
10 22 15.9
34 61 39.61
37 67 29.9
45 52 7.805
3 33 39.67
46 67 10.2
62 65 4.838
4 11 2.971
4 33 36.58
50 60 7.618
37 42 6.443
25 38 7.097
15 67 8.983
18 22 3.705
4 57 9.618
8 29 28.64
11 63 6.771
11 20 21.7
11 17 15.12
45 57 11.1
4 30 37.1
10 51 13.67
3 6 4.522
26 60 22.89
4 58 6.589
12 65 11.14
4 53 8.261
56 67 11.93
57 63 8.513
20 57 12.39
17 57 7.594
12 47 16.14
38 44 14.51
24 25 1.329
14 26 14.79
30 53 25.0
38 58 35.28
25 34 11.97
9 46 10.54
5 46 21.04
23 33 20.89
4 12 4.519
46 51 6.091
18 36 21.06
41 47 7.631
37 49 15.0
7 38 32.17
58 63 8.081
20 58 15.23
17 58 10.55
4 61 5.145
42 52 10.34
24 33 16.09
41 44 4.406
22 33 22.63
2 60 5.908
9 17 9.787
9 20 13.82
9 63 5.248
41 60 26.94
6 13 10.38
10 38 36.41
10 34 38.9
3 67 6.97
17 42 7.867
20 42 5.316
42 63 22.38
10 41 28.81
6 59 10.14
11 34 40.8
38 48 15.53
3 30 40.96
1 10 7.104
11 44 23.08
1 30 39.59
10 21 20.65
10 39 34.54
12 17 12.7
12 20 16.73
12 63 10.88
4 41 28.64
33 51 22.75
51 58 11.5
22 25 5.019
35 60 39.35
61 63 2.807
20 61 24.58
17 61 20.65
41 63 26.19
20 41 6.553
17 41 8.955
45 60 13.11
6 40 27.37
29 54 25.31
44 57 12.61
36 65 32.06
30 47 21.41
1 16 16.84
10 45 15.08
18 38 20.73
4 42 25.3
39 49 14.52
33 47 21.08
42 47 5.565
6 28 28.6
42 44 2.682
2 34 43.28
21 40 11.6
12 49 17.55
33 63 33.92
20 33 14.79
17 33 21.62
25 65 14.69
10 26 24.55
47 58 9.501
44 58 14.87
33 44 12.9
8 34 34.68
22 40 10.08
9 62 6.681
30 63 38.92
20 30 12.54
17 30 20.49
24 30 14.25
28 67 26.17
19 41 6.755
27 49 9.799
40 62 31.8
10 17 13.53
10 20 21.27
10 63 6.492
49 53 7.152
6 62 6.951
27 51 10.49
1 45 21.94
37 55 34.6
5 25 22.86
16 24 6.227
8 41 23.26
4 52 8.826
22 42 9.668
13 21 14.8
4 18 20.71
4 59 6.042
2 44 24.97
2 47 20.64
44 61 21.38
8 13 6.477
15 30 26.51
22 59 13.2
11 26 26.87
22 50 4.171
51 62 17.69
5 6 1.33
17 18 1.329
18 20 2.813
18 63 23.4
9 21 15.06
34 67 35.62
10 65 5.772
3 48 16.93
13 45 15.39
1 12 8.637
11 47 15.48
17 52 2.109
20 52 4.939
52 63 11.3
14 46 8.451
59 63 5.792
20 59 11.93
17 59 10.48
13 65 8.897
6 42 22.54
30 44 12.38
34 62 40.72
2 63 5.446
2 20 26.22
2 17 21.93
3 37 38.23
4 10 3.53
40 59 27.37
33 59 30.56
44 59 10.23
3 65 7.107
2 4 2.899
1 2 1.328
1 53 10.24
4 25 22.42
10 49 14.99
14 49 10.11
25 63 21.9
20 25 1.926
17 25 6.237
1 25 23.74
24 45 5.884
15 24 8.782
10 44 20.52
39 51 16.23
49 57 12.72
23 59 13.57
25 60 21.54
14 18 8.273
44 52 6.249
14 43 13.74
33 54 27.79
41 58 26.37
11 24 21.37
25 56 23.12
36 42 7.549
10 67 7.741
1 15 13.82
49 52 5.004
14 24 10.26
10 29 33.39
37 57 28.61
9 29 30.04
18 28 11.28
22 57 11.24
48 57 9.344
11 60 3.521
26 51 7.252
37 51 16.61
28 51 13.36
17 62 22.62
20 62 25.68
62 63 1.329
40 55 26.09
22 46 8.083
18 44 5.381
25 44 2.496
35 59 36.4
23 52 6.357
24 28 9.221
9 22 12.02
6 39 31.17
51 53 4.253
22 61 23.2
1 59 7.484
13 44 14.87
35 44 17.89
37 65 28.38
33 62 36.93
4 13 6.253
40 58 28.94
36 48 22.65
15 49 10.34
18 60 20.71
24 61 21.71
4 62 4.706
39 58 33.08
47 62 14.62
44 62 22.25
24 50 3.09
1 46 21.85
49 59 10.5
21 57 13.23
10 47 11.71
1 58 9.329
3 29 37.4
3 22 21.74
38 51 20.02
12 24 20.04
6 36 36.03
22 30 20.4
25 47 5.789
13 41 26.27
25 51 5.38
47 61 13.89
1 13 10.7
15 39 26.14
33 41 7.002
46 60 11.54
37 47 20.19
43 54 10.78
49 62 15.21
3 45 23.2
51 59 9.532
27 60 26.51
12 60 6.612
8 66 3.612
24 59 12.57
11 51 15.37
36 67 33.58
47 57 7.862
5 41 28.89
59 60 1.329
8 55 7.648
3 34 43.3
25 33 10.38
13 47 12.7
40 51 10.75
34 49 22.87
13 17 9.604
13 20 13.85
13 63 10.59
15 22 6.037
8 12 8.208
13 60 6.386
29 67 29.83
3 60 2.639
10 60 2.192
1 9 6.351
38 57 35.66
6 25 16.38
4 35 40.53
11 33 38.55
35 63 39.49
20 35 16.17
17 35 24.33
1 33 37.74
5 56 15.75
1 18 24.53
17 46 3.159
20 46 4.987
46 63 14.1
22 62 24.07
22 52 4.482
46 47 1.328
1 3 2.782
44 46 2.617
22 29 11.12
18 47 5.858
15 38 27.5
52 60 10.01
1 27 29.84
24 62 22.17
43 67 12.16
29 51 12.74
4 46 14.85
19 47 4.361
29 60 31.6
6 27 26.1
19 49 6.74
9 24 13.42
8 19 15.29
49 58 14.09
4 15 9.537
38 64 32.79
1 52 12.28
1 37 35.78
16 64 15.36
35 49 23.47
15 63 12.91
15 20 7.759
15 17 3.135
37 63 32.75
20 37 11.09
17 37 16.17
3 17 21.17
3 20 25.92
3 63 4.668
8 52 7.04
2 40 33.27
50 51 1.325
61 65 3.818
23 62 22.61
17 27 9.435
20 27 4.317
27 63 27.0
15 44 8.809
1 40 29.62
19 58 14.11
18 24 7.19
4 37 34.97
50 65 4.127
40 63 28.08
20 40 9.029
17 40 11.71
3 40 33.5
13 22 13.55
40 44 7.719
4 40 30.46
59 65 2.525
28 60 28.13
34 59 34.3
33 46 15.11
18 42 10.8
22 27 9.199
4 27 28.44
10 56 9.007
27 44 5.612
3 44 24.03
3 4 1.319
19 60 21.46
30 51 21.28
46 52 4.002
37 44 11.26
46 64 10.96
54 61 7.591
4 14 4.936
24 46 7.289
12 27 29.87
14 17 5.672
14 20 10.22
14 63 9.057
23 36 15.1
30 49 20.12
15 47 5.738
22 28 13.08
13 49 15.0
8 35 36.24
29 44 8.629
7 34 34.86
14 44 11.57
9 33 32.43
35 54 32.97
6 30 35.75
22 35 23.07
45 54 7.882
40 60 29.75
1 19 25.89
1 28 31.98
4 19 22.83
19 44 2.644
23 58 16.72
4 29 34.07
33 58 31.39
15 60 9.282
15 35 30.29
6 37 32.28
29 63 32.21
20 29 6.72
17 29 10.49
40 47 9.825
2 10 8.247
9 45 12.86
39 50 16.69
27 47 9.719
21 35 20.27
28 44 5.969
1 29 35.62
37 60 32.85
6 50 4.797
28 63 28.51
20 28 8.154
17 28 12.23
3 24 22.43
17 19 2.885
19 20 1.328
19 63 23.59
3 47 16.05
14 47 6.817
19 22 4.911
24 27 7.66
35 51 24.49
2 49 16.56
22 37 15.43
27 38 3.499
11 50 11.29
29 47 12.18
24 58 15.69
11 67 8.21
11 36 40.29
4 28 30.72
24 35 21.26
43 61 22.46
34 57 31.53
6 15 11.07
58 67 8.771
24 40 4.528
25 53 10.28
9 67 5.36
5 45 22.03
9 43 14.47
14 22 7.873
19 65 15.5
12 46 15.16
28 47 10.69
14 60 6.746
9 49 11.32
15 34 28.59
28 65 23.94
6 29 32.1
12 51 13.45
53 66 6.763
13 51 10.68
29 65 27.57
6 35 38.8
10 35 40.47
14 65 7.237
11 65 7.893
28 56 32.19
9 35 36.97
3 8 6.076
6 14 6.754
13 35 38.56
35 56 41.89
40 65 23.84
35 57 33.59
8 59 2.915
8 15 7.969
19 24 6.19
10 43 22.29
41 65 21.68
48 67 8.069
30 67 34.88
61 67 7.445
27 65 22.3
54 62 9.299
8 37 29.5
19 67 21.11
13 66 11.7
2 67 5.486
9 18 11.8
8 14 3.809
