86 87 1.307
8 24 1.88
43 82 2.906
6 30 2.718
44 76 8.124
65 69 2.057
23 57 6.095
76 80 3.399
34 50 4.934
72 76 3.304
19 61 6.171
10 76 2.204
26 84 2.9
9 25 1.814
44 71 6.597
20 67 5.107
9 11 2.782
9 81 1.953
11 25 2.535
8 84 1.913
46 72 8.827
25 56 6.098
58 60 3.557
21 59 6.105
46 62 6.349
54 57 4.162
67 73 2.915
17 18 0.9365
43 84 3.136
23 59 2.1
54 56 2.217
32 33 1.306
3 47 12.38
12 14 2.737
10 24 1.941
13 22 1.86
34 58 5.929
46 71 6.846
40 70 13.18
27 28 1.304
43 60 12.34
35 86 4.661
40 46 2.684
25 57 1.847
16 21 1.981
21 61 2.369
64 70 5.625
7 81 2.238
60 61 1.296
62 67 5.602
43 58 14.29
26 27 1.302
68 69 1.305
48 66 6.584
77 80 2.251
71 72 1.294
33 86 3.238
34 41 6.215
21 23 2.299
13 20 2.04
55 57 2.473
50 58 6.949
71 76 6.175
31 53 7.631
8 43 6.358
11 57 4.601
26 34 1.855
24 60 3.669
46 76 9.083
73 74 1.29
19 67 6.46
47 63 1.984
5 37 10.71
45 85 6.304
11 12 1.296
15 78 7.039
30 87 6.131
47 87 5.475
2 49 15.54
40 62 6.652
83 85 3.862
35 40 5.487
58 84 8.492
10 22 2.629
13 77 3.633
28 29 1.305
55 56 1.302
1 65 24.38
2 45 7.703
10 13 3.342
2 70 16.21
22 72 6.197
2 83 4.674
2 85 2.428
18 19 1.205
54 55 1.297
26 55 6.286
27 29 1.868
38 48 2.138
22 67 7.661
46 48 4.518
67 70 1.872
25 77 8.947
28 54 8.405
45 49 8.92
56 57 1.298
5 35 9.723
48 72 13.31
76 82 2.899
38 45 8.722
57 59 2.972
49 85 7.463
6 26 3.763
22 62 3.907
14 21 1.753
15 25 14.81
49 83 10.31
18 20 4.302
45 83 5.584
4 42 4.87
41 58 12.39
38 85 6.651
63 64 1.302
5 40 6.201
5 65 24.56
3 5 2.413
62 72 11.12
41 84 2.425
35 36 1.303
19 20 1.302
45 48 6.451
1 35 17.02
60 76 8.636
13 67 9.282
5 47 10.84
12 23 1.944
3 87 7.496
1 3 1.82
45 66 7.108
15 17 2.874
31 57 1.889
40 64 9.138
53 58 3.718
68 77 7.456
2 38 14.6
48 85 8.455
68 78 9.222
3 64 22.11
5 39 7.072
16 73 8.721
49 65 10.16
38 49 1.87
28 56 5.764
31 56 3.248
3 63 21.78
66 85 16.16
64 75 8.056
1 33 13.41
2 66 21.35
8 40 5.104
30 86 2.405
4 63 12.8
36 37 1.307
16 53 4.246
53 55 2.32
3 70 21.21
9 28 6.65
29 74 23.2
53 54 1.292
12 54 9.021
29 32 2.855
17 68 4.155
27 31 2.063
23 54 3.737
47 49 3.574
28 68 25.24
41 63 5.906
6 27 3.356
2 47 11.57
39 86 3.437
2 3 1.306
71 73 1.925
26 58 2.749
18 55 20.43
28 74 24.27
46 70 9.038
15 36 14.88
54 74 20.09
2 48 15.37
44 49 11.44
4 56 16.98
16 18 2.342
39 63 8.661
68 73 1.872
16 28 28.36
43 48 10.83
16 19 1.911
1 4 5.303
41 50 10.46
1 86 5.361
35 74 21.02
57 58 1.216
67 78 14.83
33 87 6.205
5 87 4.863
23 55 2.178
37 47 3.584
6 84 1.9
38 62 6.816
16 17 1.303
20 26 13.12
46 73 5.263
16 67 9.36
39 44 8.387
28 81 5.914
13 81 9.271
24 82 2.475
45 47 2.113
62 75 11.61
49 66 10.46
47 85 6.388
31 32 1.3
12 21 3.466
2 4 3.291
84 86 3.376
29 68 23.5
16 54 9.397
57 74 21.77
4 8 5.724
82 85 5.304
38 83 11.44
66 84 16.85
28 78 14.97
12 78 2.786
7 9 4.302
8 26 2.933
13 73 3.628
3 37 13.36
47 83 6.942
26 30 1.942
71 86 16.05
3 39 10.75
39 43 9.463
16 74 7.483
28 55 8.441
77 78 1.301
2 40 9.973
4 45 6.567
13 78 1.851
42 86 7.164
7 8 1.289
45 79 14.73
41 45 2.09
39 75 15.9
63 75 6.421
30 34 2.629
61 65 6.817
14 16 2.158
14 56 11.02
12 24 4.04
48 62 2.256
67 72 4.915
55 84 11.08
58 83 12.7
45 70 6.251
42 74 8.571
62 83 12.92
31 77 20.73
27 86 6.988
48 83 11.55
4 85 2.442
15 29 25.34
15 56 16.68
22 36 9.364
6 8 3.934
40 45 3.259
29 53 10.21
48 49 1.304
1 47 11.31
17 36 18.21
5 46 10.7
74 81 10.21
46 64 7.104
66 83 16.37
25 32 9.64
8 85 6.313
2 79 22.8
69 73 5.115
35 38 2.096
4 83 1.867
45 82 6.167
26 31 1.85
12 20 6.788
10 82 3.781
39 62 6.767
5 19 25.95
63 66 5.846
40 85 2.456
13 24 6.559
38 66 11.34
68 71 2.287
5 61 9.969
17 57 24.45
15 28 26.07
20 61 3.462
29 59 4.701
14 68 7.348
31 34 2.698
83 87 9.321
16 81 18.32
39 64 10.23
55 66 23.2
31 35 5.246
41 85 2.057
2 8 11.92
17 22 7.426
21 68 6.807
11 56 7.803
10 26 7.315
3 49 13.55
29 54 6.695
14 23 3.115
30 59 3.573
22 65 6.206
70 85 16.26
7 12 12.02
11 14 7.12
5 63 20.75
84 87 6.856
13 15 2.283
1 70 20.13
54 59 1.98
11 55 5.552
36 86 6.827
79 85 15.27
77 81 5.323
2 41 5.683
3 65 24.65
31 74 23.19
49 70 16.06
55 74 21.28
9 55 9.001
18 61 10.06
39 47 2.273
12 56 8.992
28 77 20.66
18 29 28.47
37 50 4.066
39 87 1.786
32 34 2.637
59 81 9.429
12 29 14.32
14 78 5.842
1 19 26.24
15 16 1.301
11 13 4.486
64 72 6.969
47 65 5.844
14 74 8.17
28 36 12.88
73 75 2.333
58 85 12.78
21 74 8.871
27 56 3.535
61 76 6.319
7 40 7.538
47 86 7.397
3 43 6.832
1 61 15.41
28 69 28.52
33 37 3.547
21 57 11.99
38 47 3.514
14 69 11.44
12 15 6.869
9 75 10.12
75 80 3.425
38 79 22.84
48 64 7.121
20 22 1.914
82 83 1.292
4 64 20.09
10 72 7.314
43 83 1.404
27 84 3.619
14 81 13.51
35 53 3.005
1 6 9.758
2 50 21.75
34 54 2.976
19 42 12.72
49 79 15.61
11 28 10.02
40 47 1.961
47 48 1.271
36 50 2.779
47 66 7.006
16 20 2.374
49 63 7.808
62 63 1.299
11 15 10.02
32 36 6.422
62 74 9.741
7 80 6.683
5 41 6.565
3 45 9.647
5 86 1.79
24 58 2.086
35 43 14.57
45 58 14.57
32 56 5.803
4 49 12.59
45 50 11.07
36 74 20.3
12 16 8.379
33 47 8.191
36 55 6.064
64 68 1.727
3 85 2.854
11 29 11.7
21 73 8.003
17 67 8.689
69 71 2.996
25 54 7.268
1 8 14.61
48 70 12.08
32 78 22.36
10 74 7.185
21 36 8.268
13 68 6.128
30 77 15.66
11 23 2.09
72 73 1.317
12 74 9.825
20 77 5.112
3 48 15.27
29 56 6.797
50 85 12.15
35 59 5.278
20 73 3.073
63 65 3.336
14 25 11.18
15 74 3.724
41 42 1.302
14 15 1.303
31 54 3.645
63 87 11.8
47 70 8.969
44 45 1.305
36 77 21.29
74 77 4.178
41 49 6.825
4 70 20.3
30 33 2.722
32 80 21.2
5 43 7.309
69 78 14.55
54 77 16.5
8 41 6.702
1 84 7.74
14 32 23.38
32 37 3.526
31 55 6.289
23 74 10.87
19 65 3.097
3 83 5.259
30 31 1.304
2 82 9.621
6 73 11.06
65 67 2.896
31 33 2.996
61 67 7.291
38 42 7.776
3 75 15.24
56 59 4.348
18 69 3.561
10 11 1.291
30 35 6.321
3 40 8.835
85 87 3.512
54 68 20.08
7 75 12.07
56 74 24.0
25 68 14.61
10 83 7.989
12 73 8.305
43 76 2.735
19 44 15.21
68 79 13.04
11 41 13.29
10 85 11.5
4 14 24.41
38 64 11.03
4 48 13.52
59 71 13.28
15 60 7.41
38 41 6.852
17 21 4.564
84 85 1.303
54 81 13.74
46 65 7.846
56 81 12.8
25 78 6.34
42 83 2.453
3 79 22.09
9 78 5.016
42 47 2.222
67 80 13.07
2 84 7.617
71 74 3.512
37 87 5.846
75 78 6.526
41 48 7.065
46 60 9.962
61 63 3.292
47 64 3.446
24 41 6.865
69 74 2.649
15 55 10.29
62 64 1.296
23 77 6.74
8 27 2.298
10 66 14.9
44 85 4.274
10 18 14.61
23 29 11.14
61 62 1.307
10 45 10.44
2 10 16.77
27 30 1.866
66 79 21.74
9 26 4.108
49 58 5.782
21 78 7.195
36 53 1.859
70 83 13.81
40 49 2.94
63 80 9.269
29 30 1.304
27 81 2.822
70 80 14.63
56 77 20.18
19 53 9.958
27 78 10.42
2 87 8.479
40 42 1.857
49 87 6.684
30 32 2.71
27 32 4.446
80 81 1.3
15 20 2.557
12 18 13.75
19 59 12.16
61 86 6.476
64 65 1.291
49 64 9.178
34 59 2.151
10 79 1.936
29 77 20.7
40 48 3.15
41 68 11.33
4 38 12.26
45 87 6.986
9 46 14.72
8 45 9.705
42 58 8.333
10 20 4.915
12 76 7.1
8 20 11.78
34 86 3.376
12 57 8.844
2 42 8.056
21 71 10.93
16 24 10.58
18 71 8.746
24 31 6.363
31 44 15.6
1 83 7.773
7 21 15.66
1 67 17.75
23 69 14.82
17 55 20.72
37 41 7.429
43 75 5.964
42 45 2.008
16 29 26.55
42 65 11.13
12 69 14.99
64 66 2.165
43 64 8.481
13 74 2.935
9 77 6.181
57 68 22.72
1 39 9.909
1 44 7.663
6 31 7.332
4 86 5.712
7 68 15.84
54 69 23.77
14 57 12.14
59 73 7.162
23 68 9.634
44 84 4.684
7 28 3.423
6 86 4.615
53 56 5.548
65 87 22.02
12 75 9.998
59 63 6.984
12 81 8.733
42 57 9.301
45 84 6.269
4 79 14.24
40 86 3.045
13 19 6.958
1 2 1.302
11 69 20.01
7 55 12.78
9 15 13.19
11 54 8.73
63 68 1.873
48 63 6.159
55 82 12.18
60 79 11.41
69 81 15.69
44 48 10.37
25 35 11.92
16 78 11.7
1 49 14.5
41 66 12.18
35 65 14.76
18 46 13.08
59 61 2.045
2 44 4.684
45 63 3.677
40 67 9.058
11 77 5.713
44 47 5.519
11 71 15.16
42 76 2.515
49 82 9.779
7 54 11.86
20 75 4.455
25 27 2.797
7 78 11.5
15 53 8.935
43 63 6.384
33 78 20.52
35 37 2.985
7 34 7.674
53 61 4.061
22 55 6.524
3 66 23.98
44 50 14.39
22 28 14.14
25 59 3.84
42 66 11.62
17 86 26.3
5 38 8.819
26 28 2.936
8 82 1.626
7 27 2.103
15 33 22.99
63 83 7.829
63 85 9.199
12 22 3.018
30 82 6.596
28 53 12.82
40 76 7.181
1 32 10.65
16 55 6.921
66 70 1.788
38 63 9.956
25 55 6.14
14 18 7.608
2 64 20.37
3 33 10.94
6 57 9.577
78 81 6.377
68 74 1.845
31 69 27.08
25 69 22.12
5 79 14.91
57 81 6.843
3 69 23.41
20 29 21.84
44 66 11.34
56 60 7.001
6 55 12.5
1 64 22.86
1 40 9.312
21 35 8.591
9 27 3.593
19 30 23.57
22 57 9.165
36 61 5.775
44 80 12.26
28 31 1.898
28 32 2.228
31 67 22.33
8 25 2.594
42 80 7.835
1 81 16.17
63 73 1.857
47 62 2.778
13 21 2.671
72 82 5.882
7 20 15.37
27 60 10.77
1 7 12.25
21 56 11.95
32 73 21.42
37 48 2.186
19 21 3.275
12 33 14.24
32 86 2.763
13 80 6.443
26 33 3.736
49 50 1.302
59 62 6.654
8 49 8.768
26 80 8.97
3 46 11.12
47 60 5.627
24 76 5.208
30 56 3.189
4 50 20.13
43 87 9.23
43 47 6.094
3 86 4.827
13 14 1.296
79 84 11.36
38 70 21.16
37 49 1.789
10 64 6.91
15 84 20.72
27 71 21.93
3 62 21.99
7 23 10.16
28 30 2.611
17 31 26.35
62 85 11.8
22 85 11.97
25 28 4.675
45 62 7.097
38 43 12.3
37 65 12.57
18 54 16.59
15 31 23.2
29 44 11.09
15 81 13.69
59 68 12.21
11 80 5.445
1 18 29.13
20 74 2.94
45 72 4.331
1 85 2.573
7 79 8.053
20 31 20.44
62 66 5.677
23 84 7.843
7 82 2.161
16 25 14.27
10 44 11.58
76 77 1.3
74 78 7.829
66 82 14.77
17 82 15.08
47 79 13.5
34 37 2.567
17 19 2.744
2 63 20.02
12 41 14.07
42 85 4.025
1 45 9.959
6 37 14.26
29 69 26.76
20 21 1.296
4 65 23.0
23 78 5.013
79 83 9.891
6 32 8.232
75 77 2.235
18 86 25.22
20 78 5.401
44 82 5.401
25 30 5.572
10 36 13.34
22 33 9.521
22 70 11.0
56 84 10.66
61 84 4.297
22 39 11.02
45 46 1.287
72 80 6.765
2 58 21.53
14 19 3.794
5 60 14.33
43 72 2.91
59 60 1.303
40 83 5.27
14 55 4.54
34 36 2.636
13 75 4.035
38 65 11.84
48 79 20.41
68 75 4.225
55 79 12.55
16 57 21.71
8 22 7.681
36 69 21.94
55 71 24.86
9 12 4.919
16 56 20.73
10 49 10.53
59 75 13.9
3 24 13.99
3 82 10.05
14 54 8.871
27 74 20.61
65 68 2.082
29 78 15.23
57 69 26.16
14 28 22.87
5 82 7.868
15 57 17.2
53 83 13.9
67 68 1.3
8 9 1.293
9 32 11.62
19 79 16.33
24 61 1.868
50 74 13.46
32 81 11.3
34 63 11.33
49 60 2.742
3 6 5.895
31 78 13.85
21 53 3.549
25 58 1.83
42 49 5.9
23 80 7.192
3 4 1.307
46 66 6.739
38 39 1.304
32 57 6.847
18 21 6.733
18 32 28.54
42 82 2.099
33 34 1.306
14 59 7.639
15 77 5.674
37 64 12.16
41 75 10.81
8 87 11.08
8 83 3.905
13 54 11.59
55 78 10.6
37 43 13.07
5 84 2.764
50 83 14.1
11 81 6.647
76 81 2.904
44 46 3.155
19 72 11.09
43 45 3.114
9 23 3.779
56 67 25.29
24 32 10.15
7 22 11.65
1 16 30.4
42 44 2.303
69 72 4.822
37 44 12.74
35 46 11.18
42 81 6.42
45 60 10.45
22 71 7.454
17 42 15.95
13 66 11.49
23 61 3.212
20 27 21.55
40 61 1.879
48 87 6.518
1 38 13.42
16 64 6.69
43 77 8.432
60 85 11.55
70 79 20.86
43 85 4.43
38 40 3.121
29 31 2.756
41 53 11.95
10 84 7.158
40 72 11.61
73 77 5.582
58 66 21.41
38 87 4.146
47 58 10.25
26 86 5.383
40 65 11.85
15 68 4.579
17 71 10.79
50 79 15.74
28 86 4.605
27 38 11.41
7 50 14.85
70 72 4.325
14 77 8.03
25 79 6.768
74 84 13.0
41 83 3.075
38 44 11.78
15 80 9.308
4 47 8.759
1 37 12.72
33 68 21.48
1 12 26.52
9 73 8.527
10 39 13.78
62 79 15.61
54 73 14.33
47 84 5.521
23 25 3.883
6 75 13.82
43 49 11.29
67 71 1.545
4 74 15.13
11 30 9.597
7 35 12.78
3 38 13.64
4 29 6.115
18 72 9.781
24 37 10.57
17 80 12.86
34 84 4.923
5 42 8.241
47 82 5.798
11 68 12.41
4 75 11.53
10 23 2.192
37 72 21.52
27 42 8.014
57 86 9.957
12 27 11.3
32 64 21.59
55 81 13.16
6 80 9.969
1 55 24.62
5 7 4.546
34 53 6.192
33 55 5.732
62 65 3.425
68 80 10.66
17 38 22.9
26 65 20.76
44 65 13.13
6 33 6.201
27 41 9.425
33 40 3.491
20 36 11.85
48 82 11.06
13 72 6.974
38 82 11.87
46 85 5.967
15 54 14.2
39 68 13.6
27 62 15.02
4 87 8.592
5 75 20.75
5 30 2.873
65 66 1.301
26 39 8.329
8 47 8.133
21 55 5.795
30 39 7.049
20 69 6.325
11 74 11.65
14 36 10.32
48 75 14.39
17 58 20.62
19 31 22.92
18 74 3.622
33 75 23.13
30 53 6.614
34 87 5.546
32 55 8.01
41 79 14.55
4 15 25.81
42 46 3.782
29 73 13.35
67 74 4.45
50 77 15.07
83 84 1.297
17 74 4.772
11 31 8.531
10 33 12.04
30 74 22.66
57 73 14.25
39 46 2.99
56 73 22.23
68 70 3.096
28 57 3.318
14 84 13.41
6 63 20.07
15 73 5.653
18 30 27.34
6 39 10.4
18 24 14.28
27 33 6.089
27 53 11.29
36 59 3.839
18 56 24.13
31 63 20.28
15 50 8.885
49 62 4.034
16 59 9.115
29 50 12.14
53 68 13.84
38 80 21.64
1 73 14.84
37 85 8.13
6 72 12.32
21 77 8.9
29 81 5.381
26 37 9.838
27 75 20.4
25 26 1.295
2 5 6.617
70 76 9.968
49 75 15.62
7 87 11.9
33 36 4.595
2 43 5.047
20 53 8.42
53 67 14.41
13 76 2.795
55 68 22.04
33 64 16.59
4 37 14.76
29 80 10.7
11 66 20.69
62 70 9.92
8 66 20.93
72 85 12.11
39 41 3.633
25 31 4.862
57 67 23.24
79 80 1.306
14 31 20.27
5 48 12.5
34 43 10.05
37 39 1.307
19 39 11.07
33 46 11.44
8 70 20.15
37 45 9.129
15 42 13.24
36 57 8.966
41 64 9.517
30 69 26.92
23 60 1.805
17 69 6.78
12 17 10.9
18 40 20.68
29 37 7.783
11 26 5.645
37 82 14.0
63 72 6.038
8 63 9.652
5 81 7.751
2 60 20.28
23 32 12.92
38 50 5.979
2 37 14.7
23 73 7.775
32 35 3.879
26 71 18.23
63 86 11.24
7 58 8.954
55 62 9.911
29 36 9.405
27 77 10.68
21 75 10.66
23 39 11.88
18 68 2.853
2 62 20.62
49 71 13.87
16 69 8.456
15 79 10.49
22 54 7.856
15 32 26.51
11 60 6.147
40 41 1.295
8 12 8.251
24 45 7.749
11 33 12.31
6 78 14.73
73 80 7.031
9 14 10.72
11 17 14.17
21 30 12.59
50 60 1.944
18 36 15.32
34 48 5.596
53 81 14.89
11 39 15.92
3 7 8.309
1 76 21.65
72 77 5.737
30 36 8.978
17 56 24.51
24 35 9.852
27 34 5.561
37 78 21.64
60 70 16.59
2 46 9.157
6 34 7.836
32 75 26.03
37 63 9.594
44 75 9.703
16 43 16.19
6 48 14.55
12 80 7.491
33 56 6.497
50 61 1.99
24 40 4.337
71 81 11.13
41 47 2.903
12 13 1.307
21 31 14.25
17 61 10.57
26 81 5.734
16 62 3.083
64 71 4.46
29 55 7.364
13 57 12.63
19 63 2.862
16 36 9.628
8 32 10.25
1 66 23.05
30 42 6.802
20 25 13.12
8 48 11.61
21 24 6.686
20 59 9.419
60 66 12.36
39 61 4.742
27 68 22.83
21 65 7.056
6 87 9.469
6 77 13.98
9 69 18.14
46 75 11.51
14 17 5.422
23 75 11.06
4 32 10.28
19 46 10.16
9 79 2.948
7 30 3.556
26 54 4.753
13 32 21.93
25 82 5.201
47 50 5.08
63 79 12.14
30 54 2.973
36 68 16.68
39 70 14.23
49 72 16.04
30 78 15.1
16 23 6.204
33 63 11.27
35 87 6.893
38 58 9.618
22 29 12.09
7 15 22.14
14 29 23.0
33 70 23.86
54 76 13.87
41 44 2.109
21 54 7.348
7 83 2.103
60 75 13.84
20 23 6.948
82 87 10.67
32 47 9.129
11 75 10.74
13 25 9.305
4 66 22.89
46 67 5.088
30 37 7.39
26 56 4.588
53 87 12.73
19 62 2.494
14 62 5.831
24 63 4.696
42 48 6.109
13 53 8.303
10 75 5.996
19 50 5.817
39 81 15.21
23 62 6.481
69 84 16.98
19 41 14.8
24 49 6.214
49 84 7.496
39 84 7.473
24 54 6.479
16 30 24.09
34 35 1.304
12 32 16.92
9 54 10.65
7 39 11.94
74 80 7.595
37 75 22.81
2 39 11.27
36 39 3.535
61 70 12.14
29 61 9.742
13 16 6.224
61 74 8.317
9 42 6.703
45 64 6.364
10 12 3.179
41 43 2.899
7 69 21.63
36 43 15.19
33 44 12.75
40 50 6.573
25 75 13.53
7 14 16.46
5 20 23.3
60 71 13.38
24 47 5.438
6 15 24.9
77 79 3.047
23 81 7.78
24 79 6.31
7 26 3.568
41 59 6.395
60 62 3.482
61 87 6.728
17 28 29.7
15 35 20.02
39 82 9.995
40 66 11.32
14 75 10.1
66 81 20.61
11 16 11.74
35 61 5.564
11 34 10.77
39 49 3.877
4 41 4.022
75 81 6.929
19 40 12.6
9 31 7.748
65 79 16.03
71 77 9.591
1 23 22.74
13 29 20.05
13 71 8.993
11 46 16.24
42 64 5.898
75 79 7.528
9 30 7.076
68 81 11.83
17 77 9.621
5 24 10.74
15 69 6.873
32 63 15.76
11 32 14.26
43 66 11.85
73 81 7.083
26 53 7.942
20 35 11.93
6 7 1.3
53 74 16.42
22 68 3.661
12 31 11.81
13 79 6.395
60 83 11.95
39 48 2.221
59 77 11.51
50 53 1.303
22 45 8.379
17 59 15.88
20 86 20.21
20 68 1.934
13 59 7.921
44 83 3.828
15 87 24.05
27 54 7.966
14 53 3.698
20 65 1.918
9 36 13.87
4 35 13.49
55 80 13.53
35 81 16.18
19 23 8.71
22 74 4.334
14 76 7.414
43 44 1.308
19 24 11.6
18 28 30.29
35 55 6.368
34 39 4.834
55 59 2.725
32 54 5.806
17 32 28.85
34 47 7.211
20 28 23.39
64 78 11.15
5 49 10.7
50 80 15.88
23 56 7.127
5 14 24.85
9 53 11.23
59 79 10.56
17 26 23.54
5 22 15.94
10 78 1.806
9 82 3.622
60 82 9.137
14 64 7.051
19 33 21.25
42 79 9.963
23 27 9.525
45 65 8.064
24 85 7.685
5 64 21.35
70 77 12.99
5 44 7.948
2 72 11.51
26 75 15.49
6 64 20.24
53 86 11.38
18 50 9.226
50 73 9.731
78 79 1.298
24 25 1.304
48 84 9.601
22 75 5.572
10 28 10.07
2 24 15.07
39 45 6.737
13 36 13.66
53 69 21.87
26 69 23.18
34 75 23.51
6 81 6.25
32 41 8.2
28 73 21.02
27 35 10.48
19 87 21.42
71 75 3.728
6 40 7.236
4 17 29.11
9 39 14.16
32 53 10.14
9 57 5.02
5 10 13.88
24 73 3.555
1 28 13.53
3 58 20.45
50 66 9.28
56 82 13.38
39 60 8.693
70 73 5.193
46 86 7.526
77 84 10.33
57 78 10.38
42 70 9.495
7 48 14.73
24 38 9.689
4 36 14.82
15 21 2.818
27 80 6.376
31 60 7.988
61 72 10.36
5 6 1.308
15 23 7.013
36 67 13.3
16 35 11.69
25 53 9.102
39 72 14.86
6 82 3.894
9 20 10.9
65 82 13.81
16 68 3.913
2 65 22.48
75 82 7.164
16 37 11.32
33 53 5.549
50 56 9.742
66 87 21.0
56 68 24.69
14 50 5.351
33 84 4.681
7 36 14.57
6 79 11.99
17 78 11.51
28 76 20.44
21 67 9.347
3 8 11.37
46 56 20.51
9 35 13.91
32 77 24.22
21 28 20.67
29 79 12.65
36 54 1.862
19 81 17.69
23 64 6.973
9 18 21.44
5 78 20.47
4 39 9.546
25 34 7.554
42 67 7.529
33 50 6.742
33 35 1.328
25 81 4.579
29 82 6.502
7 53 13.77
9 66 21.48
69 75 3.42
1 53 23.03
69 70 1.304
22 82 5.811
24 29 7.174
13 33 16.44
12 30 12.59
11 78 2.201
4 33 10.77
26 32 4.533
17 54 20.31
46 82 8.584
17 23 10.04
7 60 12.12
1 29 11.69
79 87 23.28
22 81 8.68
65 83 15.41
10 17 11.95
19 84 20.18
3 41 6.885
34 46 9.173
10 14 6.393
6 74 16.34
19 37 12.0
50 68 10.41
36 65 13.79
57 61 6.816
26 29 3.038
9 59 6.085
25 74 14.79
58 82 8.141
50 62 1.865
19 60 7.017
18 77 12.94
14 67 10.95
21 81 13.17
26 77 12.32
21 50 2.469
59 74 13.25
16 22 5.848
34 55 7.222
60 73 8.554
9 24 2.297
2 22 20.87
4 72 10.76
60 63 6.019
16 26 22.26
71 78 13.62
31 86 3.418
9 17 20.24
36 56 7.06
60 69 14.64
22 37 10.23
46 83 8.119
8 38 11.03
16 60 4.293
30 72 21.99
31 73 20.22
15 75 5.694
22 40 7.677
24 55 5.414
56 72 25.47
20 81 10.64
33 60 6.425
4 40 6.711
43 70 8.295
29 57 6.805
1 36 13.72
1 5 4.584
50 55 5.439
20 62 2.848
29 42 7.778
4 30 4.517
38 84 8.845
37 46 7.461
33 41 7.7
30 57 3.46
17 53 12.11
53 57 7.339
22 26 7.534
62 69 10.14
59 78 9.451
15 30 24.18
24 59 1.941
13 69 10.27
18 73 8.318
15 27 23.47
60 78 8.903
18 42 15.16
58 79 8.211
49 80 14.9
55 77 14.44
7 74 15.56
23 28 11.42
41 46 1.994
50 64 7.063
19 58 14.57
80 85 12.57
40 82 5.056
35 70 23.96
37 84 10.08
63 82 6.145
13 56 13.72
20 57 15.44
58 81 8.374
9 74 12.1
27 70 25.56
34 81 11.23
9 80 2.764
18 22 9.149
40 58 8.196
48 50 2.966
13 49 11.43
18 25 22.34
32 39 4.765
13 31 15.34
22 25 7.148
18 70 8.453
15 19 3.234
60 64 7.124
12 70 20.06
43 73 3.77
4 53 20.59
6 19 24.69
46 61 6.403
5 45 10.06
30 44 8.958
38 86 3.967
56 79 15.45
14 63 6.642
31 40 7.399
19 22 6.852
5 33 6.368
72 75 2.247
16 27 25.89
22 69 9.219
1 87 6.082
70 87 20.58
15 76 4.41
39 85 3.793
19 86 21.91
14 43 14.34
29 71 22.58
20 71 6.119
5 85 2.108
34 65 20.28
30 58 3.492
15 26 20.03
27 36 12.62
41 87 3.372
66 75 9.351
4 23 14.1
11 22 5.275
66 73 6.022
60 81 11.77
37 83 12.89
26 38 6.958
14 60 2.854
53 79 15.0
39 71 12.45
11 83 11.71
11 59 4.73
34 77 21.91
65 85 16.76
6 46 11.62
37 62 7.077
61 71 8.218
65 70 4.167
48 65 7.747
44 79 15.38
50 71 12.75
6 36 14.25
4 73 10.21
32 60 10.94
33 54 2.983
17 50 11.28
38 46 6.521
20 34 14.91
18 41 18.15
29 35 7.525
9 44 12.49
34 64 14.24
3 34 12.33
26 35 5.973
46 49 7.493
71 80 11.01
38 68 14.95
67 76 8.222
16 32 26.09
38 60 6.827
12 42 8.243
44 87 6.935
15 64 7.697
40 84 2.541
17 29 29.63
7 32 9.404
42 72 5.528
1 69 22.95
39 65 11.08
1 54 22.28
66 67 1.303
61 78 9.488
12 28 14.06
11 42 7.306
67 69 2.87
10 65 11.09
79 82 6.369
21 86 15.65
46 79 20.03
60 80 11.69
5 50 15.23
50 63 4.742
24 57 3.291
66 80 16.76
20 37 12.3
30 47 10.08
63 78 9.569
21 33 12.53
53 60 1.699
30 75 22.02
4 5 1.287
24 44 9.592
7 45 10.17
72 78 10.01
12 86 16.88
22 58 5.643
70 75 7.081
6 54 12.3
19 76 10.15
27 69 25.88
8 86 7.819
10 38 14.08
53 66 13.85
67 83 12.01
22 27 12.02
40 87 3.213
12 25 5.935
60 87 11.99
23 58 2.021
64 85 12.98
7 13 13.74
78 82 7.394
37 59 5.902
57 77 13.29
9 21 10.14
33 77 21.75
26 44 10.82
44 62 11.62
31 41 10.68
50 82 11.6
7 42 6.33
17 60 9.624
20 80 7.7
59 80 9.816
33 58 6.276
44 64 10.24
4 25 10.5
35 66 20.42
24 80 5.533
6 44 7.991
41 70 12.23
3 42 8.982
31 81 7.568
36 81 17.11
3 60 20.45
64 86 14.93
11 21 7.498
32 67 22.99
18 82 20.03
19 35 13.03
28 33 5.002
17 24 14.72
3 44 6.866
6 49 11.81
20 44 12.41
50 87 11.64
64 73 3.439
30 43 7.828
20 70 8.62
35 64 13.81
39 66 9.42
11 20 9.532
3 18 30.13
28 41 11.27
25 37 13.97
12 50 8.78
30 84 2.657
16 75 9.477
67 75 6.999
35 39 5.707
27 87 11.55
35 47 7.669
39 79 21.59
18 26 24.35
58 74 16.28
15 67 8.649
20 48 8.042
23 26 6.116
39 50 7.638
22 30 10.01
72 79 11.29
11 63 9.988
46 74 11.29
4 11 14.67
19 80 14.96
21 29 15.93
35 67 15.67
13 65 6.87
3 36 13.84
78 80 2.333
6 66 24.39
16 61 6.193
59 64 8.664
23 35 7.818
23 50 4.913
42 63 3.247
48 73 7.512
50 72 15.49
21 25 10.17
41 71 9.347
47 53 7.956
66 72 7.831
48 60 3.819
17 20 2.613
12 48 11.91
67 81 13.73
11 27 8.268
31 58 4.21
17 72 9.693
9 16 17.13
40 73 6.538
14 39 15.17
13 63 6.491
34 44 10.66
11 53 9.211
10 47 7.634
11 48 13.16
22 76 3.247
11 73 9.23
9 68 13.45
20 54 12.86
37 73 12.38
20 46 10.71
26 67 20.51
10 62 9.512
3 78 22.32
35 45 12.86
24 39 9.592
10 61 5.792
9 48 13.86
21 60 1.935
26 68 16.62
16 42 13.79
7 85 5.965
10 87 15.49
22 66 10.35
27 72 20.1
20 32 22.95
45 71 2.751
27 79 6.443
15 82 12.24
56 71 26.51
34 74 22.03
1 71 15.53
16 79 15.8
48 80 16.23
73 82 3.868
57 71 24.04
6 21 20.04
58 63 10.91
48 58 10.39
70 84 16.0
39 83 9.454
26 82 5.735
25 33 7.744
25 36 11.28
9 83 7.302
10 30 10.92
40 79 13.87
53 63 9.156
39 80 20.13
10 48 11.32
24 53 6.375
44 70 8.865
4 80 11.43
1 79 25.35
46 69 11.12
48 71 9.999
19 69 7.855
5 68 21.88
29 67 22.6
17 66 6.163
6 25 7.041
31 71 23.1
44 68 10.61
24 50 7.666
5 8 7.467
3 50 21.98
64 87 14.91
31 68 23.75
15 18 3.542
57 60 6.969
80 82 3.873
1 59 20.43
73 78 8.153
78 85 15.54
47 61 1.866
14 20 3.083
18 65 2.819
7 11 8.898
29 60 10.13
54 83 14.27
19 74 7.255
12 39 15.97
21 64 4.72
34 56 6.752
7 73 10.52
22 63 2.783
1 72 13.54
26 74 15.57
71 82 8.876
29 33 3.196
34 68 21.98
24 27 5.189
35 85 8.831
54 78 13.51
31 76 20.31
42 77 7.267
42 62 7.568
13 27 14.71
6 14 22.57
26 87 8.855
8 50 11.53
6 70 22.64
4 54 15.25
8 11 6.554
10 37 14.72
22 48 6.798
13 50 8.661
13 84 12.36
30 81 6.934
15 59 11.82
18 64 3.622
25 50 11.73
7 44 8.401
56 83 15.49
50 65 7.017
7 67 17.16
47 69 9.671
6 42 6.609
5 66 24.73
13 28 20.56
67 85 13.72
31 87 8.128
32 87 4.635
58 75 15.75
28 42 12.03
33 43 11.02
18 43 15.88
28 58 6.89
4 12 21.41
55 76 13.16
34 49 2.563
21 46 11.38
56 65 23.59
42 54 9.308
20 72 6.43
14 61 5.683
24 75 9.689
62 78 12.49
13 61 6.663
18 67 6.889
21 58 8.214
6 69 24.07
56 78 12.96
17 81 20.54
17 37 20.73
24 72 9.13
18 57 25.03
28 82 7.423
42 61 2.977
8 79 5.775
35 79 22.25
2 67 16.65
14 33 20.6
31 59 3.595
31 84 6.598
80 83 7.369
8 61 4.815
1 42 10.17
9 38 14.06
9 71 14.41
9 37 15.58
4 58 14.33
33 83 9.097
59 86 6.984
50 81 15.53
25 29 6.226
26 64 10.39
5 59 9.385
23 33 8.648
2 13 24.17
43 56 20.89
65 77 9.809
19 36 11.29
42 75 6.612
65 86 18.71
32 68 24.45
8 69 20.48
23 67 12.41
23 30 7.076
10 29 10.08
30 76 12.09
38 72 20.42
5 36 10.96
39 58 11.67
22 31 11.36
11 38 14.83
55 69 25.6
34 66 20.98
5 32 3.339
26 57 1.805
21 62 2.613
24 66 14.35
25 48 12.64
16 80 14.56
33 66 23.28
9 34 8.985
3 30 7.373
22 59 3.399
20 24 7.781
33 72 21.73
32 43 13.9
63 70 6.632
35 68 19.0
72 74 2.819
50 75 15.17
9 10 1.284
31 36 7.929
3 31 10.23
41 57 12.36
63 69 5.826
2 34 14.32
6 71 15.61
4 55 20.62
17 62 6.969
30 63 14.63
17 25 21.24
50 86 11.45
3 20 24.85
65 84 15.0
36 72 22.28
26 43 8.769
18 78 15.03
33 39 5.509
39 59 7.292
8 39 10.65
31 42 10.56
7 18 25.54
8 23 6.057
18 34 23.94
22 60 2.115
13 45 10.99
48 78 14.86
58 70 24.11
64 80 10.93
19 28 26.57
22 23 1.302
19 38 13.54
42 87 7.252
61 80 10.03
2 80 15.35
11 36 12.42
17 65 2.935
58 59 1.275
53 62 2.681
3 84 4.377
29 39 7.868
16 84 22.76
46 63 5.518
48 69 13.97
53 71 20.84
28 72 23.01
18 76 10.58
41 74 12.23
10 71 10.13
44 56 22.25
34 80 20.25
36 48 3.538
43 79 10.14
75 85 13.2
49 73 9.816
7 19 22.62
55 73 20.54
6 20 22.03
1 50 21.44
36 42 9.671
41 77 12.98
81 83 4.23
18 84 22.99
41 82 4.571
54 67 20.14
6 23 12.66
24 64 6.14
62 80 14.61
27 73 13.31
32 44 14.67
13 39 16.19
13 30 15.26
45 80 11.57
37 79 22.9
28 44 14.42
7 16 24.28
33 80 13.29
65 75 8.092
14 80 11.08
58 87 13.5
8 33 7.033
62 73 5.145
50 78 12.51
8 34 6.203
2 35 20.36
1 48 13.94
6 58 10.85
37 53 4.971
34 79 21.15
21 43 12.71
7 17 27.04
3 10 16.85
35 76 21.3
24 30 5.015
58 71 21.14
55 65 20.73
71 85 13.31
35 69 23.45
13 62 8.253
53 80 15.16
14 26 12.93
40 63 5.504
12 79 5.456
25 67 20.07
22 64 3.27
33 69 24.77
14 40 12.74
16 34 21.16
36 80 21.5
4 24 9.689
35 56 7.442
38 55 10.36
37 76 20.44
4 44 4.334
7 56 11.66
10 32 15.48
15 86 23.61
8 42 3.98
17 49 15.95
17 39 21.64
32 42 10.4
2 7 9.031
2 77 20.98
29 47 9.855
4 7 3.179
42 73 3.128
11 24 2.628
1 10 22.09
19 29 24.72
1 26 14.84
77 86 20.7
10 25 3.624
66 76 11.14
36 40 6.151
69 77 10.12
7 49 11.39
10 27 7.068
54 86 7.822
43 54 15.42
42 78 8.78
3 29 8.351
7 63 12.2
54 79 15.0
10 31 11.12
46 47 1.287
4 10 11.31
11 50 10.76
2 6 8.146
15 66 8.108
28 71 24.15
28 34 7.039
10 73 4.457
6 18 27.93
23 53 3.36
56 86 10.21
5 34 6.408
45 67 3.647
44 63 7.57
21 32 20.03
42 59 3.819
40 69 14.61
69 76 8.37
38 53 7.084
55 86 10.7
43 55 20.44
25 80 6.026
7 61 8.239
47 75 8.578
27 85 7.945
5 16 28.52
9 64 11.04
14 48 10.1
5 62 20.43
9 63 9.543
14 73 8.377
6 29 2.615
14 71 12.31
8 31 7.104
37 54 4.94
73 76 1.726
47 80 11.91
37 61 5.646
3 61 14.69
30 41 6.146
8 44 8.644
8 56 10.48
36 58 6.305
85 86 1.305
72 87 15.27
18 75 8.125
25 60 7.283
5 13 21.76
37 38 1.304
16 40 13.65
75 87 21.3
19 43 15.22
62 76 7.778
26 70 23.27
5 57 12.23
7 62 15.27
36 76 20.09
33 49 3.328
19 75 9.859
38 77 21.61
46 87 4.302
4 18 28.09
23 76 6.82
7 57 7.604
41 80 11.43
7 29 2.521
33 61 7.202
7 38 13.0
4 71 13.32
17 46 16.23
22 61 1.583
26 47 8.337
1 63 20.71
12 46 14.97
39 73 10.12
12 63 7.626
56 69 28.21
17 75 7.104
27 64 20.35
42 68 8.118
25 49 9.747
72 81 6.652
58 67 20.36
58 73 12.56
53 78 12.51
30 66 23.95
34 70 24.61
24 48 7.808
44 72 6.906
59 82 5.633
57 70 27.03
16 65 2.732
48 77 15.68
10 34 11.21
8 80 3.46
18 31 26.48
24 26 2.901
19 83 20.26
64 83 10.22
53 59 2.723
19 54 13.79
36 38 2.335
27 47 11.91
21 63 3.271
38 67 12.7
10 70 13.9
72 83 7.428
43 71 6.125
5 71 17.38
17 64 5.673
18 53 12.41
2 68 17.66
71 83 10.87
54 60 2.988
53 77 16.02
81 82 1.3
15 41 18.1
14 70 14.13
75 76 1.301
64 69 4.259
37 66 11.56
35 49 2.794
22 46 10.39
27 37 12.33
21 27 15.36
59 76 8.748
59 69 20.44
27 45 13.73
37 70 21.27
22 38 10.45
18 81 21.52
12 61 6.462
35 50 2.717
41 81 9.463
47 72 8.26
9 29 6.9
79 81 3.065
3 32 9.568
44 58 16.06
40 53 7.83
28 61 11.98
7 31 7.105
22 24 3.36
33 57 6.458
9 61 7.035
71 79 15.1
73 86 12.33
14 82 11.9
26 60 6.347
18 63 4.198
64 81 10.99
32 74 24.03
31 50 10.86
25 38 12.74
61 79 11.27
4 26 7.887
20 33 14.76
5 83 6.132
27 59 6.355
36 71 20.54
8 18 22.43
4 46 8.822
7 25 4.2
32 58 8.597
35 62 6.111
20 40 11.24
49 68 12.55
47 67 3.437
39 78 20.12
20 55 11.21
29 58 8.505
37 71 15.42
30 68 23.76
12 87 22.1
82 84 1.879
41 60 9.962
10 80 1.841
1 57 22.77
19 73 7.507
65 78 11.21
20 30 21.08
24 84 3.083
70 82 12.73
4 13 21.64
26 59 2.359
15 58 12.8
12 67 13.22
6 67 21.19
56 62 14.12
15 34 22.41
8 19 18.58
28 84 5.867
9 56 10.67
57 84 7.761
40 74 12.46
12 85 15.34
45 78 14.46
13 46 14.33
31 79 14.19
63 71 3.388
50 69 14.62
20 56 16.85
4 31 9.92
11 18 17.61
13 18 9.652
8 72 10.71
58 64 11.71
77 82 6.219
57 62 13.48
5 76 13.73
68 83 12.32
22 80 7.572
31 75 23.71
22 49 6.305
6 9 7.551
41 86 4.133
37 42 8.628
34 61 2.785
65 74 5.344
32 69 27.57
28 40 9.177
28 83 8.915
30 73 20.1
21 69 10.47
1 75 21.72
17 70 10.72
41 78 14.81
22 41 9.837
28 50 15.41
49 76 10.99
12 64 7.788
35 75 23.94
58 68 16.77
64 82 7.879
55 67 22.97
8 73 7.825
79 86 16.73
3 27 10.7
27 83 7.08
17 41 20.9
56 80 15.56
45 75 7.634
61 73 5.001
20 43 9.884
6 85 3.531
70 78 16.88
8 71 13.66
38 71 14.3
5 69 24.72
6 60 12.99
48 76 10.58
18 60 10.69
3 12 24.8
8 46 10.84
8 68 12.94
6 16 26.87
15 37 16.39
15 48 12.89
16 63 5.977
6 68 21.33
16 39 14.7
38 75 21.79
61 68 7.892
14 66 10.55
38 61 4.165
40 43 5.51
35 63 11.52
54 80 15.02
68 86 17.46
13 64 6.906
13 23 2.953
2 12 24.77
75 83 8.108
8 30 5.306
68 82 9.676
26 36 7.789
38 78 21.2
27 46 13.98
12 55 5.886
63 84 8.627
18 87 24.75
66 77 14.33
43 80 6.292
46 53 12.31
56 58 2.745
62 87 10.65
36 66 14.16
39 69 16.21
19 47 4.406
22 83 9.369
50 57 10.78
10 54 10.8
8 64 11.98
25 43 11.13
6 35 12.6
28 35 10.02
27 57 3.775
23 82 6.532
58 77 10.84
19 34 20.44
3 26 11.85
6 61 9.581
60 74 12.59
13 85 15.61
7 47 10.58
26 42 4.868
64 67 1.839
27 66 25.67
16 33 22.34
57 80 10.15
23 66 14.66
32 65 25.04
17 85 25.14
3 19 27.34
21 83 14.04
60 67 11.62
2 75 13.63
34 45 10.08
12 38 15.34
6 45 10.03
21 80 11.19
17 35 20.76
10 69 12.85
53 70 22.81
24 71 9.565
29 83 6.89
12 45 13.66
49 67 10.5
42 55 10.23
23 72 12.06
6 22 12.89
41 67 9.837
50 76 10.51
64 77 9.939
34 85 5.147
32 84 7.947
54 61 5.93
16 49 8.798
60 86 10.93
11 79 3.252
13 37 15.07
31 80 13.23
29 87 7.472
63 77 8.617
34 67 20.29
14 30 21.12
44 69 12.23
28 79 12.3
44 57 16.71
81 87 15.84
32 49 6.074
4 82 4.519
2 71 13.67
45 77 11.55
24 83 6.854
42 50 8.063
78 86 20.55
10 21 5.633
12 37 14.62
18 80 15.46
49 78 13.9
36 60 5.099
9 33 9.906
37 69 22.13
3 22 21.52
58 62 9.765
17 27 27.17
16 58 10.8
53 72 21.17
23 38 11.03
22 73 3.148
10 56 12.45
25 73 10.17
40 78 13.08
22 84 8.303
53 73 12.18
27 40 7.282
9 65 16.94
23 31 8.62
58 65 16.48
26 73 9.393
36 44 15.35
81 86 12.67
4 60 15.39
30 79 14.76
44 86 8.002
45 86 8.759
4 59 10.4
31 62 14.48
54 71 22.19
18 35 20.76
43 67 9.011
3 14 27.36
41 69 14.87
37 86 6.887
40 77 12.45
43 46 6.504
29 34 5.513
32 76 23.4
37 80 22.22
54 58 2.296
32 50 10.16
17 34 23.77
17 33 25.11
21 39 11.79
13 70 12.31
19 77 11.55
26 49 5.673
11 67 15.59
44 77 13.0
43 78 11.21
20 84 13.47
46 81 13.89
57 66 24.37
4 69 22.55
3 35 16.91
8 36 11.97
43 65 13.2
27 67 23.49
56 76 20.76
27 48 13.93
45 53 13.32
70 71 1.298
39 42 6.423
8 55 10.17
1 80 22.51
35 48 5.385
6 28 3.702
8 60 8.544
3 15 28.54
16 77 9.343
77 83 9.243
12 71 13.46
46 59 8.9
57 79 10.66
20 83 13.07
12 49 10.68
45 73 1.969
10 41 10.69
10 53 10.27
12 65 11.58
7 10 7.135
39 67 8.979
22 87 13.82
35 44 14.75
53 85 12.73
8 75 10.53
33 62 10.82
6 76 10.38
9 86 11.0
4 57 13.48
30 55 2.92
19 82 14.82
14 42 9.922
14 24 7.916
30 38 7.287
6 50 15.37
9 85 10.38
41 65 13.42
18 48 12.77
31 37 7.43
74 82 8.11
16 31 25.42
20 39 12.71
18 23 12.0
2 27 13.94
31 43 13.97
65 81 16.77
30 62 12.76
6 17 29.31
24 36 8.932
73 85 9.314
57 76 13.78
43 74 7.628
10 58 5.531
37 60 6.019
41 72 9.381
20 42 9.177
31 47 12.76
14 34 13.46
31 61 8.201
36 79 22.01
61 66 9.401
23 24 1.293
32 62 14.41
36 78 20.13
36 73 14.78
76 79 6.723
33 38 3.822
13 55 8.487
24 56 6.887
55 60 1.876
8 28 4.877
45 76 5.717
1 14 28.45
23 42 5.408
22 77 4.73
9 45 12.96
37 40 3.978
6 83 2.931
53 84 10.72
31 83 11.27
19 78 12.43
7 72 11.42
23 44 13.96
5 26 7.388
39 77 17.59
36 47 6.508
44 74 11.27
18 37 15.61
37 68 15.78
69 79 17.85
21 26 11.36
12 53 4.831
29 76 13.78
2 29 12.1
11 40 10.84
41 61 6.034
1 22 22.17
6 12 15.2
57 82 9.379
29 63 14.01
9 72 12.09
12 36 12.63
7 70 20.59
42 56 12.04
42 60 6.374
21 72 11.39
28 80 10.61
37 81 20.61
1 41 6.912
28 87 10.43
18 59 16.28
54 66 20.17
66 68 2.835
17 45 14.67
15 71 10.62
71 87 13.51
26 63 9.201
17 43 15.38
53 76 12.55
25 62 12.32
7 24 5.79
2 33 14.44
7 76 8.601
19 26 21.11
75 86 20.46
36 49 1.868
73 83 6.828
24 34 5.754
65 72 8.883
10 42 4.459
28 65 26.52
24 69 13.25
36 87 7.919
21 82 10.77
67 77 11.81
17 63 6.459
24 28 7.784
56 61 9.267
74 76 2.575
8 81 2.083
3 76 14.59
23 34 8.213
6 38 12.09
64 76 6.745
61 64 3.462
41 76 7.628
10 57 8.045
36 82 13.3
40 44 5.782
80 84 8.28
6 11 12.84
8 77 7.797
22 78 3.706
14 79 10.63
26 78 10.77
45 68 6.369
15 39 17.79
40 68 11.28
33 79 15.67
15 44 17.94
66 74 7.018
34 72 22.69
20 79 9.637
62 71 7.839
21 84 11.82
57 83 12.41
13 48 11.85
18 44 20.15
14 87 22.33
3 53 23.03
15 83 20.36
33 81 12.86
12 77 5.822
75 84 10.71
13 60 5.671
7 64 13.92
53 82 11.96
6 47 10.75
8 65 18.0
15 65 2.648
34 82 8.348
16 71 11.31
49 77 15.57
22 47 5.173
32 59 7.171
12 62 9.028
13 83 11.98
22 56 11.48
27 44 12.49
7 43 5.864
22 86 13.38
80 87 21.37
2 73 12.04
7 46 12.08
58 78 7.331
6 53 14.03
13 42 8.452
18 39 20.04
69 82 13.67
5 12 20.87
61 75 10.61
39 76 11.94
69 80 14.14
3 71 16.15
4 20 22.45
2 78 22.55
44 53 16.16
66 78 16.17
3 17 31.27
8 37 13.24
6 59 6.94
22 79 7.413
46 58 15.18
15 22 5.048
14 65 6.319
69 87 22.51
9 13 8.079
10 43 6.477
35 42 9.534
2 76 13.11
9 50 12.98
24 67 9.407
31 65 22.2
9 43 9.094
29 66 26.22
18 66 4.799
25 71 16.61
83 86 7.258
18 62 6.129
50 70 20.01
22 44 11.06
4 16 27.72
26 76 11.07
54 84 9.828
17 87 26.94
2 55 24.54
30 67 22.21
33 48 7.598
47 76 4.962
14 35 13.01
23 41 11.65
12 19 10.19
27 58 5.599
25 40 8.559
19 85 21.79
42 53 9.188
33 85 6.758
28 66 27.8
5 29 2.51
1 56 24.08
27 49 9.908
8 59 4.119
28 59 8.137
35 58 7.598
33 45 11.14
18 85 24.89
37 74 20.47
6 10 10.31
48 59 5.77
55 72 24.09
43 81 4.346
6 65 23.67
13 43 9.28
70 81 14.37
12 44 15.86
24 77 7.158
37 58 9.695
18 83 22.38
22 53 6.294
58 86 10.68
8 17 21.59
5 77 20.67
34 62 9.657
2 25 17.42
59 87 8.857
22 43 7.852
16 66 8.133
57 65 22.27
55 61 6.715
6 24 8.266
8 14 12.22
20 64 2.617
48 81 15.63
11 35 14.4
35 72 22.98
34 40 1.963
2 36 15.47
3 68 21.71
34 71 22.25
7 84 1.908
2 86 7.181
68 85 14.56
9 76 7.764
36 62 5.844
5 11 16.0
26 50 9.238
10 55 8.863
25 39 13.49
34 38 2.748
33 74 20.96
35 77 22.43
34 78 20.6
29 41 6.681
27 39 11.83
15 49 13.46
35 71 22.4
74 83 11.62
22 42 4.75
20 82 8.782
37 77 22.18
21 79 10.7
13 86 20.05
9 87 14.66
40 60 6.358
35 73 15.67
61 77 10.78
36 75 22.96
25 42 6.512
39 40 1.3
16 72 11.76
3 72 13.58
23 86 13.3
1 74 22.61
19 32 24.83
27 61 7.335
35 84 9.709
50 59 4.745
14 83 16.29
46 80 15.58
50 84 10.51
40 54 6.9
17 76 8.163
38 69 22.04
56 66 25.91
25 64 11.41
30 60 6.64
14 27 20.11
5 21 21.6
28 62 20.8
23 40 8.182
64 79 12.57
28 37 11.75
25 66 21.91
35 78 21.18
9 41 10.21
30 80 12.0
41 54 11.3
65 73 5.218
48 53 5.415
23 70 16.85
5 58 13.88
44 73 5.927
16 82 16.1
61 81 9.289
3 16 30.41
46 50 9.808
36 83 14.2
45 55 20.64
46 78 17.07
49 59 1.865
28 70 27.4
30 71 22.33
47 71 6.51
24 42 1.874
16 44 20.91
30 49 6.322
5 80 13.73
55 70 27.08
76 87 13.19
5 31 6.421
17 84 22.93
25 76 9.262
5 18 29.08
32 72 24.19
7 37 15.97
59 70 21.48
40 55 9.299
22 34 9.447
32 70 26.18
31 72 22.53
76 85 9.727
19 55 12.47
1 24 20.36
11 37 14.98
67 82 10.87
39 57 13.15
44 78 15.59
11 85 14.04
2 11 23.32
10 86 13.47
58 61 5.52
9 60 8.507
13 87 21.87
78 83 11.47
23 79 6.497
2 56 24.0
55 85 14.36
11 76 7.699
13 82 7.473
19 71 10.08
19 64 2.734
4 61 10.21
25 70 23.02
38 54 5.361
63 67 3.642
55 83 15.68
12 60 2.553
19 49 9.782
35 80 21.7
8 21 11.55
41 55 14.57
17 83 22.11
72 84 10.36
37 56 11.22
4 34 8.866
65 76 8.671
2 32 12.78
53 64 10.04
11 19 14.11
77 85 14.39
10 46 13.0
30 70 25.4
2 53 23.08
19 48 7.276
2 59 14.99
78 87 22.7
77 87 22.42
1 17 30.49
26 83 7.181
38 76 12.99
11 45 14.12
54 70 24.6
44 59 10.35
14 44 17.95
24 86 9.467
80 86 14.1
4 78 15.28
5 23 15.48
20 87 20.54
8 74 12.43
42 69 11.61
4 81 7.833
9 19 16.64
15 62 6.385
54 75 21.67
32 83 12.45
4 22 13.94
16 38 20.24
29 64 23.21
34 69 25.5
6 56 11.32
20 58 11.34
21 47 6.27
15 43 13.22
11 43 11.58
15 61 8.13
48 86 8.152
5 70 22.95
34 83 9.238
12 59 6.526
5 28 4.209
5 9 10.83
6 13 15.3
30 64 14.72
49 86 6.8
1 20 24.4
59 65 13.01
18 49 13.67
11 72 12.81
38 59 5.321
38 56 10.87
48 67 7.509
24 81 5.185
4 27 7.217
25 41 10.32
20 76 3.237
24 62 6.823
33 76 20.65
2 54 22.24
70 74 4.954
12 83 13.33
43 69 11.83
54 82 11.91
37 67 11.88
33 65 23.25
28 67 24.82
46 84 7.356
27 55 6.416
23 83 11.16
11 62 12.0
45 56 21.83
32 61 10.55
29 70 25.53
13 47 9.814
35 83 13.9
34 42 5.514
29 86 3.482
15 40 15.77
1 82 12.98
2 9 15.86
63 81 9.377
13 26 12.29
6 62 16.16
21 76 7.393
17 40 21.98
19 56 21.63
56 85 14.54
14 46 15.25
22 32 14.16
7 66 22.59
5 17 30.25
24 74 8.578
7 65 21.45
49 55 6.121
35 54 1.907
34 73 20.18
38 74 20.38
21 34 11.34
58 76 11.35
11 49 10.61
54 65 14.98
36 85 8.738
27 63 20.62
43 57 14.4
4 9 9.615
8 35 11.15
61 83 8.052
59 85 7.212
6 43 5.961
20 38 12.64
9 67 15.46
27 43 10.3
16 41 20.8
15 63 6.06
9 22 6.503
59 84 3.923
33 59 3.533
15 46 15.67
36 45 11.92
31 64 16.16
31 38 7.439
14 85 21.04
14 49 9.734
21 70 13.07
17 79 14.86
14 47 9.842
31 46 14.62
10 67 11.71
29 65 26.07
18 33 24.94
29 72 22.01
3 9 14.78
21 22 1.289
56 75 24.45
13 35 15.79
25 61 5.797
1 60 21.04
12 34 12.79
18 45 12.34
22 35 10.44
1 9 20.72
42 84 2.227
33 73 11.85
4 68 20.06
33 82 9.58
17 47 11.56
38 73 11.49
34 60 6.708
76 84 6.537
4 21 21.48
59 83 6.797
74 79 10.63
10 40 8.669
5 15 26.52
12 43 12.18
18 38 20.59
21 40 10.14
4 84 2.108
26 79 10.54
78 84 10.96
81 85 10.21
14 22 2.741
21 41 13.0
3 73 13.96
35 82 13.08
17 44 20.73
56 87 15.1
61 69 11.81
24 87 10.83
50 54 3.235
44 81 9.45
55 75 22.14
2 18 27.89
26 48 8.751
29 43 9.783
23 45 12.15
3 13 24.8
12 26 8.926
59 72 13.02
30 46 10.23
24 70 13.73
7 71 15.67
2 23 21.49
3 25 14.71
1 30 10.31
16 87 24.63
29 38 7.269
27 65 24.12
45 59 8.164
29 62 14.13
24 65 11.91
69 86 22.47
81 84 5.601
48 61 2.538
1 34 14.34
12 58 4.241
2 17 28.8
45 69 8.483
73 79 10.21
5 72 14.9
31 39 9.182
15 24 11.71
10 77 2.091
11 64 10.58
36 46 9.334
60 77 11.83
17 73 7.383
32 79 21.32
48 68 10.72
45 61 6.325
64 74 5.271
67 87 13.97
12 68 10.12
46 77 15.18
10 59 6.127
16 48 9.456
34 57 6.239
68 84 12.54
47 59 5.558
26 40 3.596
23 36 7.824
46 55 16.36
9 49 11.52
7 59 6.759
30 48 10.25
18 58 21.4
4 62 15.07
49 69 16.62
36 84 10.09
38 57 10.77
41 73 5.948
31 70 26.11
23 46 12.67
29 49 8.005
12 82 8.281
23 65 11.71
8 10 3.376
2 74 17.22
19 45 10.4
15 70 10.74
28 45 15.64
76 86 13.42
8 13 10.51
14 72 11.69
26 85 6.631
25 83 8.968
10 19 11.66
32 48 9.609
11 86 14.78
15 47 11.73
21 44 15.28
2 28 14.49
1 62 21.69
40 80 11.52
19 57 21.81
44 60 13.97
54 72 22.2
1 13 25.83
25 45 13.55
3 11 22.85
56 64 20.22
1 25 21.31
14 86 21.42
50 67 10.98
10 63 6.349
30 61 6.071
31 49 7.759
30 83 6.087
25 65 16.86
21 87 15.62
76 78 4.247
23 85 12.22
9 84 5.362
31 48 12.14
10 50 10.32
17 30 27.27
47 77 10.72
4 28 8.583
33 71 21.47
28 85 9.584
45 54 13.98
76 83 5.671
1 11 25.07
53 75 20.89
9 62 13.02
25 85 10.29
59 66 15.61
26 45 9.489
56 70 29.33
49 56 7.855
16 85 24.75
49 53 2.89
46 54 13.63
2 69 21.05
32 38 3.823
69 83 16.21
10 60 6.152
16 46 15.08
2 61 15.26
28 47 15.17
2 19 25.39
28 38 11.86
14 45 13.96
14 38 14.36
54 85 11.14
26 41 6.485
61 85 6.627
43 59 8.485
2 26 14.44
10 81 2.43
32 40 5.667
27 76 10.0
35 41 9.789
48 55 10.08
25 47 10.48
2 30 10.9
22 50 4.847
48 54 7.689
25 86 9.771
31 82 10.59
27 82 5.882
5 53 15.04
11 82 6.726
37 55 9.53
18 79 20.69
20 60 5.592
26 72 14.37
32 71 23.67
1 77 24.72
23 71 13.07
42 71 6.246
66 86 17.71
12 35 14.48
44 55 22.0
21 37 9.381
70 86 20.88
7 33 7.777
45 81 10.29
30 65 23.12
16 86 24.57
40 59 3.43
62 81 14.95
28 75 23.83
67 79 16.71
7 41 7.013
23 37 10.34
68 87 16.0
26 62 10.76
60 72 14.7
24 43 6.78
36 64 11.62
1 58 22.26
73 87 10.95
44 61 9.798
15 45 13.73
32 85 6.867
25 84 4.936
54 87 10.76
4 77 13.8
4 43 2.592
21 66 9.482
26 61 3.915
45 57 15.25
63 76 3.236
3 77 21.31
3 28 10.48
5 25 9.933
20 63 1.951
23 43 11.24
66 71 3.854
24 78 5.65
3 59 12.66
4 6 1.907
13 17 6.35
61 82 5.416
10 16 11.05
47 78 11.58
57 85 12.34
64 84 9.683
15 85 23.17
13 44 13.59
29 75 22.38
5 67 21.7
54 62 8.074
11 58 2.038
1 21 24.36
59 67 12.23
32 45 12.07
34 76 20.58
14 37 12.61
8 15 15.38
16 70 11.42
69 85 20.55
13 40 12.46
57 72 22.8
18 47 9.444
21 85 14.95
44 67 8.212
38 81 16.74
17 48 14.49
19 68 3.566
45 74 6.732
5 27 4.739
44 54 16.27
21 45 11.24
16 45 13.76
29 45 10.53
66 69 2.024
57 75 22.03
5 54 12.95
32 46 12.11
58 69 22.96
53 65 11.51
29 84 3.926
28 48 16.11
35 60 6.193
21 48 6.57
15 72 8.506
8 76 6.805
32 82 13.21
2 20 23.3
23 49 6.208
30 50 8.037
12 84 10.74
12 66 15.25
13 38 15.74
71 84 12.52
19 66 5.876
28 49 12.18
2 15 27.21
8 29 4.04
15 38 20.16
49 81 14.23
20 41 12.78
60 65 10.18
1 31 12.89
19 70 10.76
67 84 12.97
2 14 26.86
41 62 9.099
55 87 14.36
29 85 5.05
26 66 22.53
8 53 10.68
14 41 15.85
74 85 15.04
1 15 28.79
72 86 15.35
2 81 12.79
30 45 10.66
13 34 14.45
41 56 15.05
18 27 27.99
62 86 12.2
19 27 24.7
10 35 14.9
28 46 17.15
28 64 23.01
49 61 1.869
11 87 21.05
4 19 25.17
47 55 11.17
12 40 11.94
48 57 12.7
19 25 16.77
62 77 13.12
6 41 6.532
46 57 16.02
62 84 10.3
2 16 28.51
21 49 6.598
43 62 11.89
12 72 11.56
23 47 7.065
4 76 9.909
36 63 10.52
62 82 10.49
9 47 10.9
25 46 15.03
54 64 13.02
43 61 8.284
48 74 13.12
11 70 21.51
33 67 20.24
65 80 13.57
30 85 2.62
3 67 21.01
49 54 2.408
33 42 6.952
47 68 6.942
11 47 10.68
23 48 8.27
43 50 14.11
31 45 14.72
43 86 8.23
21 38 10.97
55 64 15.09
3 80 16.02
20 47 6.932
16 76 9.838
2 31 14.48
24 33 7.208
10 68 7.33
39 56 13.62
28 60 12.68
25 87 14.16
12 47 10.06
24 46 9.906
29 46 11.63
68 76 3.918
36 70 21.69
2 57 22.14
20 85 15.96
39 53 9.377
49 57 7.914
40 57 8.686
48 56 13.03
8 58 6.627
20 45 8.588
9 40 8.622
40 81 9.858
43 53 15.04
8 78 7.787
31 85 7.889
47 54 9.751
11 65 15.14
47 74 8.403
10 15 8.308
8 62 11.77
23 87 14.08
43 68 10.13
30 40 4.267
47 56 13.83
58 80 8.672
23 63 6.582
25 44 13.64
28 63 21.96
35 57 8.595
27 50 13.85
1 46 8.381
14 58 7.859
7 77 10.93
29 48 11.3
8 67 15.07
55 58 1.852
9 58 4.01
5 55 13.93
11 84 9.272
57 87 13.76
74 87 20.63
40 56 10.54
31 66 23.53
8 57 6.164
13 41 13.19
3 81 13.12
49 74 15.24
11 61 7.286
1 68 20.58
28 43 12.17
29 40 4.362
11 44 15.4
9 70 20.28
37 57 12.04
3 55 23.37
28 39 12.34
24 68 8.825
16 83 22.12
42 43 1.298
16 47 10.69
8 54 9.649
2 21 23.22
3 54 21.58
47 81 10.95
3 21 24.21
47 73 2.593
32 66 26.08
25 72 14.71
1 43 7.735
60 68 10.37
5 74 21.46
3 23 21.25
16 50 3.83
21 42 8.211
1 27 14.49
40 71 10.19
67 86 15.79
7 86 7.871
20 49 9.28
74 86 18.32
1 78 26.23
40 75 11.51
46 68 8.821
57 64 14.11
39 55 12.63
5 73 13.77
8 16 21.4
36 41 9.115
4 67 16.44
56 63 16.37
25 63 10.33
3 57 20.62
54 63 12.09
82 86 9.092
47 57 11.89
13 58 7.608
3 56 22.6
65 71 5.737
20 66 6.044
57 63 12.91
62 68 6.718
20 50 4.976
68 72 4.094
58 72 17.16
5 56 12.98
60 84 8.93
3 74 20.87
39 54 8.357
26 46 10.82
55 63 11.58
73 84 7.915
63 74 3.95
39 74 15.94
74 75 1.303
